0 0.0578125 0.5546875 0.040625 0.1
0 0.5 0.12578125 1 0.2515625
0 0.57109375 0.61640625 0.0359375 0.0484375
0 0.1890625 0.62421875 0.165625 0.0984375
0 0.39921875 0.725 0.2109375 0.275
0 0.56171875 0.784375 0.0078125 0.05625
0 0.7359375 0.44765625 0.25625 0.0921875
0 0.9453125 0.875 0.109375 0.246875
0 0.32109375 0.56171875 0.1265625 0.1921875
0 0.10234375 0.55625 0.1859375 0.21875
0 0.59296875 0.84296875 0.1859375 0.1359375
0 0.8015625 0.90625 0.15625 0.140625
0 0.965625 0.42109375 0.06875 0.1484375
0 0.590625 0.53515625 0.1375 0.1953125
1 0.14921875 0.34609375 0.2984375 0.1828125
1 0.43828125 0.3453125 0.3015625 0.153125
1 0.7296875 0.33984375 0.278125 0.1046875