1 0.48125 0.2359375 0.95625 0.471875
0 0.34296875 0.17265625 0.29375 0.2203125
0 0.40078125 0.42734375 0.11875 0.10625
0 0.27421875 0.4734375 0.4015625 0.0453125
0 0.6546875 0.46640625 0.290625 0.0296875
0 0.153125 0.55546875 0.040625 0.0453125
0 0.26796875 0.5609375 0.040625 0.046875
0 0.38671875 0.5625 0.0453125 0.04375
0 0.62734375 0.559375 0.04375 0.04375
0 0.496875 0.565625 0.025 0.03125
0 0.73359375 0.56015625 0.065625 0.0578125
0 0.15625 0.640625 0.04375 0.0515625
0 0.2671875 0.64453125 0.046875 0.05
0 0.38515625 0.646875 0.05625 0.0515625
0 0.5125 0.6390625 0.0609375 0.0515625
0 0.625 0.640625 0.0578125 0.05
0 0.73515625 0.64375 0.0640625 0.05
0 0.51484375 0.72890625 0.0640625 0.0546875
0 0.62890625 0.721875 0.0515625 0.0375
0 0.14609375 0.90390625 0.0546875 0.0390625