0 0.52109375 0.2984375 0.275 0.5234375
0 0.5328125 0.62421875 0.2328125 0.0515625
0 0.340625 0.63046875 0.028125 0.040625
0 0.3828125 0.63984375 0.0203125 0.0265625
0 0.35234375 0.72734375 0.0296875 0.0421875
0 0.44921875 0.7203125 0.0375 0.05625
0 0.5328125 0.71640625 0.0359375 0.0546875
0 0.6484375 0.71640625 0.0734375 0.0515625
0 0.71953125 0.809375 0.1203125 0.0625
0 0.58828125 0.8125 0.0890625 0.05625
0 0.46484375 0.815625 0.05 0.0625
0 0.375 0.8171875 0.053125 0.0625
1 0.32734375 0.4015625 0.1421875 0.325