0 0.50703125 0.29453125 0.0859375 0.0859375
0 0.21953125 0.515625 0.075 0.06875
0 0.6625 0.3484375 0.0421875 0.05
0 0.71875 0.42890625 0.0421875 0.0359375
0 0.9125 0.3921875 0.0609375 0.04375
0 0.796875 0.428125 0.0734375 0.0875
0 0.409375 0.471875 0.15 0.1375
0 0.6296875 0.440625 0.0515625 0.0703125
1 0.5609375 0.125 0.875 0.2484375
1 0.35078125 0.32265625 0.2265625 0.1390625
1 0.24296875 0.434375 0.115625 0.1
1 0.54609375 0.43359375 0.109375 0.1953125
1 0.77578125 0.28984375 0.4484375 0.084375
1 0.625 0.36640625 0.0421875 0.065625
1 0.7265625 0.3734375 0.0765625 0.071875