0 0.5390625 0.3765625 0.40625 0.3984375
0 0.803125 0.4296875 0.09375 0.1296875
0 0.2859375 0.44296875 0.0546875 0.103125
0 0.14296875 0.45390625 0.115625 0.1328125
1 0.22734375 0.196875 0.2265625 0.3703125
1 0.6703125 0.09453125 0.659375 0.178125
1 0.925 0.36171875 0.15 0.3171875
0 0.009375 0.6 0.0171875 0.028125
0 0.04609375 0.603125 0.021875 0.034375
0 0.13046875 0.615625 0.028125 0.0265625
0 0.18046875 0.6609375 0.0171875 0.015625
0 0.61328125 0.7078125 0.0359375 0.028125
0 0.5375 0.69609375 0.028125 0.0734375
0 0.67109375 0.7171875 0.015625 0.0265625