0 0.4953125 0.5546875 0.1296875 0.140625
0 0.73671875 0.428125 0.0265625 0.0953125
0 0.79921875 0.43125 0.0703125 0.0875
0 0.91015625 0.609375 0.1796875 0.221875
0 0.6 0.4046875 0.140625 0.0796875
0 0.6296875 0.9046875 0.1265625 0.128125
1 0.5 0.18828125 1 0.3734375
0 0.75078125 0.9125 0.0546875 0.0578125
1 0.19296875 0.49921875 0.38125 0.2453125
1 0.4390625 0.75078125 0.1765625 0.2265625
1 0.6515625 0.7484375 0.234375 0.228125
1 0.4625 0.440625 0.1484375 0.115625
1 0.71796875 0.55390625 0.315625 0.209375
1 0.84765625 0.7359375 0.08125 0.0921875
1 0.98359375 0.76328125 0.0328125 0.078125
1 0.91953125 0.45 0.1515625 0.134375
1 0.69921875 0.42734375 0.05625 0.1
1 0.409375 0.5609375 0.05 0.10625