0 0.38125 0.63046875 0.0546875 0.1265625
0 0.47578125 0.59296875 0.0953125 0.2171875
0 0.0765625 0.6078125 0.0703125 0.146875
0 0.08515625 0.7515625 0.16875 0.11875
0 0.58515625 0.8484375 0.0453125 0.0375
0 0.53359375 0.78671875 0.0515625 0.040625
0 0.946875 0.8375 0.034375 0.034375
0 0.94453125 0.79765625 0.021875 0.0203125
0 0.9453125 0.75546875 0.01875 0.0328125
0 0.9765625 0.80859375 0.0203125 0.0234375
1 0.50078125 0.23046875 0.9984375 0.45625
1 0.7625 0.61484375 0.475 0.3046875
1 0.2453125 0.63671875 0.2375 0.328125