0 0.540625 0.53203125 0.0734375 0.2375
0 0.49296875 0.703125 0.021875 0.046875
0 0.83984375 0.315625 0.0734375 0.1375
0 0.99296875 0.7 0.0140625 0.04375
0 0.5359375 0.22421875 0.046875 0.1640625
0 0.1859375 0.153125 0.053125 0.1734375
0 0.3953125 0.234375 0.0203125 0.0515625
1 0.9453125 0.44765625 0.109375 0.8921875
1 0.56171875 0.0796875 0.70625 0.159375
1 0.69453125 0.48984375 0.2078125 0.634375
1 0.84453125 0.821875 0.0859375 0.16875
1 0.8421875 0.22109375 0.08125 0.1234375
1 0.44453125 0.590625 0.0984375 0.1578125