0 0.1328125 0.29921875 0.078125 0.046875
0 0.96640625 0.984375 0.0640625 0.03125
1 0.9109375 0.42421875 0.178125 0.840625
0 0.20625 0.3765625 0.0765625 0.0953125
0 0.2953125 0.45546875 0.103125 0.0734375
0 0.39140625 0.54296875 0.1390625 0.0984375
0 0.56953125 0.6390625 0.2046875 0.11875
0 0.71171875 0.725 0.05 0.0671875
0 0.78359375 0.81640625 0.0765625 0.121875
1 0.428125 0.159375 0.85625 0.30625
1 0.56875 0.3765625 0.6296875 0.1109375
1 0.63984375 0.4765625 0.5671875 0.0875
1 0.684375 0.5609375 0.4421875 0.0640625
1 0.753125 0.64765625 0.1609375 0.0765625
1 0.78359375 0.7265625 0.084375 0.0546875