0 0.278125 0.63671875 0.2578125 0.209375
0 0.590625 0.72734375 0.0234375 0.040625
0 0.9265625 0.73203125 0.1203125 0.1515625
0 0.0671875 0.57421875 0.125 0.071875
1 0.50078125 0.24375 0.9984375 0.48125
0 0.02890625 0.29765625 0.0265625 0.03125
0 0.465625 0.81328125 0.0828125 0.1109375
0 0.64609375 0.671875 0.028125 0.0375
0 0.6828125 0.64609375 0.0265625 0.0265625
1 0.47890625 0.63125 0.1296875 0.2671875
1 0.61328125 0.5546875 0.1015625 0.1421875
1 0.73359375 0.55 0.0703125 0.1171875
1 0.8984375 0.56640625 0.203125 0.1703125