0 0.3796875 0.6015625 0.14375 0.3203125
0 0.5328125 0.6609375 0.1359375 0.1296875
0 0.9859375 0.66015625 0.028125 0.0625
0 0.9171875 0.64375 0.078125 0.1015625
0 0.2640625 0.68671875 0.046875 0.1296875
0 0.18359375 0.6859375 0.0875 0.1203125
0 0.11484375 0.65 0.0328125 0.090625
0 0.078125 0.68046875 0.01875 0.0390625
0 0.4765625 0.42890625 0.0125 0.0609375
1 0.92734375 0.38671875 0.1453125 0.396875
1 0.65 0.5046875 0.3625 0.3203125
1 0.33515625 0.53203125 0.053125 0.1609375
1 0.3953125 0.528125 0.0234375 0.1515625
1 0.26015625 0.56953125 0.040625 0.109375
1 0.1796875 0.58671875 0.084375 0.0734375
0 0.7015625 0.584375 0.025 0.034375
0 0.009375 0.665625 0.0171875 0.0515625