0 0.61875 0.73984375 0.0359375 0.0796875
0 0.740625 0.61640625 0.01875 0.034375
0 0.5703125 0.6890625 0.0234375 0.05625
0 0.4546875 0.66875 0.021875 0.046875
0 0.4921875 0.68515625 0.0328125 0.0734375
0 0.3984375 0.6734375 0.0578125 0.0671875
0 0.3484375 0.61640625 0.0375 0.0359375
0 0.25625 0.50078125 0.028125 0.090625
0 0.1984375 0.44921875 0.0203125 0.0375
0 0.153125 0.4125 0.025 0.028125
0 0.0609375 0.3625 0.0140625 0.0203125
0 0.084375 0.37109375 0.0171875 0.0203125
1 0.5 0.34140625 1 0.68125