0 0.27578125 0.4171875 0.45625 0.45625
0 0.740625 0.9203125 0.134375 0.053125
1 0.346875 0.22734375 0.6921875 0.4515625
1 0.715625 0.85234375 0.10625 0.128125
0 0.5796875 0.3375 0.1015625 0.28125
0 0.6625 0.44375 0.0578125 0.215625
0 0.65625 0.58515625 0.0546875 0.0515625
0 0.62734375 0.67578125 0.0265625 0.046875
0 0.5453125 0.67734375 0.0234375 0.04375
0 0.465625 0.68125 0.0234375 0.040625
0 0.30546875 0.74765625 0.0890625 0.16875
0 0.19140625 0.68828125 0.0171875 0.0359375
0 0.1328125 0.6890625 0.0171875 0.0375
0 0.0765625 0.68671875 0.01875 0.0359375
0 0.11796875 0.81015625 0.0203125 0.0203125