0 0.44453125 0.51015625 0.0171875 0.0703125
0 0.43125 0.5375 0.021875 0.0421875
0 0.35703125 0.54375 0.0171875 0.0234375
0 0.4578125 0.5640625 0.021875 0.0140625
0 0.39765625 0.4984375 0.01875 0.046875
0 0.43671875 0.51640625 0.0234375 0.059375
0 0.3703125 0.54296875 0.01875 0.0234375
0 0.38671875 0.52421875 0.01875 0.0359375
0 0.38359375 0.53515625 0.0171875 0.034375
0 0.38203125 0.54453125 0.021875 0.025
1 0.6734375 0.10625 0.440625 0.2125
0 0.56640625 0.51484375 0.01875 0.01875
0 0.559375 0.51484375 0.015625 0.0203125
0 0.4296875 0.55703125 0.0234375 0.0234375
0 0.39296875 0.5234375 0.0171875 0.0328125
0 0.54140625 0.5171875 0.0203125 0.0203125
0 0.3921875 0.534375 0.015625 0.0328125
0 0.47578125 0.4875 0.040625 0.078125