0 0.76875 0.5171875 0.1453125 0.2078125
0 0.88515625 0.659375 0.1515625 0.1671875
0 0.2 0.41796875 0.1140625 0.2328125
0 0.28984375 0.3859375 0.0640625 0.11875
0 0.32578125 0.55703125 0.1078125 0.2359375
0 0.0609375 0.36328125 0.075 0.15
0 0.02265625 0.48359375 0.0453125 0.0796875
0 0.17265625 0.5703125 0.0484375 0.046875
0 0.50859375 0.56328125 0.25 0.2859375
0 0.4984375 0.3546875 0.0890625 0.1140625
0 0.584375 0.37265625 0.078125 0.090625
0 0.65234375 0.3828125 0.034375 0.0546875
0 0.684375 0.7015625 0.1640625 0.1640625
1 0.36640625 0.1453125 0.73125 0.284375