0 0.0828125 0.76484375 0.165625 0.11875
0 0.20625 0.5890625 0.16875 0.1921875
0 0.28046875 0.7734375 0.0859375 0.1078125
0 0.51484375 0.7765625 0.1859375 0.1125
0 0.67421875 0.78984375 0.0546875 0.0828125
0 0.7296875 0.84765625 0.0484375 0.0671875
0 0.7296875 0.77109375 0.040625 0.0609375
0 0.80078125 0.81171875 0.0671875 0.0515625
0 0.771875 0.5453125 0.1046875 0.1171875
0 0.89453125 0.6203125 0.13125 0.1671875
0 0.921875 0.7671875 0.125 0.1171875
0 0.78828125 0.66328125 0.075 0.109375
0 0.4796875 0.36171875 0.1640625 0.13125
1 0.33125 0.2703125 0.1265625 0.2703125
1 0.84765625 0.38984375 0.3046875 0.178125