1 0.528125 0.1421875 0.9328125 0.284375
1 0.0875 0.38046875 0.1515625 0.165625
0 0.11953125 0.55859375 0.0890625 0.103125
0 0.2203125 0.49453125 0.1125 0.2234375
0 0.296875 0.546875 0.0390625 0.128125
0 0.346875 0.5078125 0.0609375 0.2296875
0 0.39453125 0.54765625 0.03125 0.153125
0 0.45625 0.57265625 0.0921875 0.125
0 0.5234375 0.40546875 0.15625 0.190625
0 0.54609375 0.54609375 0.0625 0.05
0 0.634375 0.50859375 0.05 0.0859375
0 0.69921875 0.41875 0.0625 0.2546875
0 0.81796875 0.37734375 0.0265625 0.0828125
1 0.30390625 0.33515625 0.2703125 0.090625
1 0.63515625 0.3765625 0.0578125 0.1625
1 0.76875 0.37890625 0.06875 0.18125
1 0.91796875 0.3484375 0.1609375 0.121875
0 0.95 0.4515625 0.0609375 0.0421875