0 0.25859375 0.2453125 0.0203125 0.04375
0 0.225 0.2796875 0.0265625 0.1296875
0 0.3546875 0.296875 0.16875 0.1234375
0 0.98203125 0.29921875 0.034375 0.125
0 0.29375 0.3890625 0.0390625 0.0203125
0 0.24609375 0.4 0.0390625 0.0640625
0 0.69765625 0.4 0.0515625 0.0609375
0 0.12109375 0.4046875 0.0234375 0.0265625
0 0.1828125 0.4046875 0.0609375 0.0703125
0 0.63984375 0.4078125 0.0328125 0.0265625
0 0.48359375 0.40859375 0.028125 0.0578125
0 0.584375 0.4203125 0.0625 0.025
0 0.4 0.421875 0.0671875 0.134375
0 0.5292671609374999 0.47355769218750005 0.7676908046875 0.4375 0.740726628125 0.41826923125000004 0.5292671609374999 0.459134615625 0.5292671609374999 0.47355769218750005
0 0.96171875 0.51328125 0.0765625 0.15625
0 0.75625 0.5171875 0.0828125 0.1203125
0 0.621875 0.525 0.040625 0.084375