0 0.39375 0.5171875 0.2640625 0.2578125
0 0.053125 0.93828125 0.10625 0.1234375
0 0.059375 0.4296875 0.0984375 0.18125
0 0.36328125 0.071875 0.1484375 0.14375
0 0.68828125 0.49453125 0.0875 0.2859375
0 0.45859375 0.27578125 0.0921875 0.1796875
1 0.7828125 0.1734375 0.434375 0.346875
1 0.14375 0.16875 0.2875 0.3375
1 0.28671875 0.86015625 0.3515625 0.2796875
1 0.759375 0.81796875 0.46875 0.3640625
1 0.0515625 0.715625 0.103125 0.31875
1 0.34921875 0.26640625 0.1171875 0.215625
1 0.18671875 0.52890625 0.146875 0.3765625
1 0.58515625 0.4953125 0.121875 0.2953125