0 0.3765625 0.49921875 0.3671875 0.3984375
0 0.0984375 0.559375 0.021875 0.0390625
0 0.6734375 0.6078125 0.0984375 0.1390625
0 0.15234375 0.684375 0.0859375 0.10625
0 0.0765625 0.8015625 0.04375 0.1046875
0 0.4390625 0.803125 0.1546875 0.1078125
0 0.1453125 0.803125 0.10625 0.075
0 0.32109375 0.80546875 0.1234375 0.0703125
0 0.70703125 0.81015625 0.1171875 0.1703125
0 0.25078125 0.8140625 0.0765625 0.1359375
0 0.68359375 0.3734375 0.125 0.2375
0 0.534375 0.3828125 0.0515625 0.121875
0 0.5875 0.46796875 0.0484375 0.2140625