1 0.628125 0.17578125 0.496875 0.3375
0 0.09921875 0.20546875 0.1046875 0.246875
0 0.21171875 0.240625 0.09375 0.240625
0 0.30546875 0.1953125 0.0828125 0.321875
0 0.88125 0.384375 0.071875 0.1625
0 0.1859375 0.69140625 0.05625 0.15625
0 0.19375 0.47890625 0.0625 0.2296875
0 0.290625 0.4734375 0.046875 0.2328125
0 0.28515625 0.7 0.0453125 0.1390625
0 0.3859375 0.51015625 0.0640625 0.215625
0 0.48671875 0.42265625 0.0515625 0.125
0 0.5671875 0.48671875 0.040625 0.2734375
0 0.6328125 0.48125 0.0578125 0.25625