1 0.7859375 0.1515625 0.346875 0.303125
0 0.13671875 0.3765625 0.146875 0.121875
0 0.68359375 0.4 0.628125 0.21875
0 0.3359375 0.51171875 0.040625 0.2953125
0 0.1984375 0.540625 0.046875 0.2078125
0 0.08359375 0.6109375 0.1109375 0.15
0 0.57265625 0.6125 0.09375 0.090625
1 0.36796875 0.06328125 0.2078125 0.1265625
0 0.8140625 0.6328125 0.0703125 0.184375
0 0.67421875 0.6671875 0.0703125 0.078125
0 0.0984375 0.0828125 0.1359375 0.1453125
0 0.5828125 0.13046875 0.2390625 0.2546875
0 0.4203125 0.134375 0.084375 0.1203125