0 0.10078125 0.2515625 0.071875 0.0328125
1 0.16171875 0.3015625 0.3234375 0.603125
0 0.15390625 0.31640625 0.075 0.1
0 0.72890625 0.31953125 0.175 0.153125
0 0.49375 0.353125 0.159375 0.1265625
0 0.28125 0.428125 0.0875 0.2484375
0 0.03984375 0.48125 0.0796875 0.18125
0 0.14609375 0.5046875 0.1 0.11875
0 0.48203125 0.51484375 0.134375 0.1140625
0 0.57890625 0.53984375 0.0359375 0.06875
1 0.87734375 0.5796875 0.2453125 0.221875
0 0.403125 0.19453125 0.0921875 0.1421875
0 0.240625 0.20234375 0.18125 0.1875
1 0.72265625 0.20234375 0.5546875 0.4046875