0 0.6328125 0.165625 0.04375 0.084375
1 0.60390625 0.1671875 0.2296875 0.334375
0 0.575 0.1734375 0.0296875 0.05625
1 0.92578125 0.19140625 0.1453125 0.15625
0 0.65078125 0.265625 0.075 0.1484375
1 0.8 0.2703125 0.28125 0.228125
0 0.95234375 0.27734375 0.0734375 0.096875
0 0.4 0.29296875 0.240625 0.4
1 0.22734375 0.30703125 0.2875 0.2796875
1 0.57265625 0.32109375 0.11875 0.2765625
0 0.64140625 0.440625 0.0671875 0.215625
0 0.57890625 0.475 0.040625 0.090625
1 0.2765625 0.10546875 0.5234375 0.2109375