0 0.72421875 0.27265625 0.0625 0.1515625
0 0.81875 0.27890625 0.0515625 0.1234375
0 0.553125 0.2890625 0.09375 0.1484375
0 0.6140625 0.29609375 0.034375 0.09375
0 0.484375 0.30234375 0.05625 0.2234375
0 0.66796875 0.30390625 0.0765625 0.1015625
0 0.40078125 0.39296875 0.171875 0.1875
0 0.10390625 0.39921875 0.2078125 0.4046875
1 0.25390625 0.44765625 0.11875 0.184375
0 0.4671875 0.51953125 0.0703125 0.115625
0 0.77734375 0.71328125 0.0375 0.1890625
1 0.0921875 0.13828125 0.184375 0.2765625
1 0.6484375 0.15625 0.3375 0.3125
1 0.38125 0.16640625 0.3140625 0.3328125