0 0.5140625 0.51953125 0.028125 0.025
0 0.23515625 0.5359375 0.0171875 0.0234375
0 0.684375 0.5375 0.03125 0.021875
0 0.14296875 0.54921875 0.0609375 0.059375
0 0.8625 0.553125 0.021875 0.0203125
0 0.0321138828125 0.5625 0.007827340625 0.634615384375 0.041468620312499996 0.64423076875 0.055886309375 0.6923076921875 0.0751098984375 0.7115384609375 0.09433348593749999 0.7043269234375 0.0871246421875 0.627403846875 0.070304003125 0.5793269234375 0.0321138828125 0.5625
0 0.5359375 0.68125 0.040625 0.09375
0 0.15703125 0.68359375 0.0859375 0.084375
0 0.225 0.69140625 0.05625 0.065625
0 0.37265625 0.72265625 0.0640625 0.071875
0 0.62109375 0.7328125 0.0765625 0.1375
0 0.69375 0.73828125 0.040625 0.0828125
0 0.915625 0.7640625 0.1328125 0.128125