0 0.83203125 0.85703125 0.0125 0.0140625
0 0.68984375 0.859375 0.0515625 0.0390625
0 0.6109375 0.81640625 0.028125 0.0078125
0 0.28046875 0.66640625 0.03125 0.0625
0 0.31640625 0.70078125 0.0109375 0.03125
0 0.3453125 0.7140625 0.0125 0.015625
0 0.42890625 0.65703125 0.0078125 0.0125
0 0.42109375 0.721875 0.0078125 0.0140625
0 0.48515625 0.71171875 0.00625 0.0109375
0 0.5046875 0.73515625 0.028125 0.0203125
0 0.5640625 0.71015625 0.0421875 0.084375
0 0.684375 0.7609375 0.0953125 0.034375
0 0.60625 0.7484375 0.025 0.0203125
1 0.5 0.40703125 1 0.8140625