0 0.92890625 0.803125 0.0046875 0.00625
0 0.8625 0.75859375 0.0453125 0.0625
0 0.75234375 0.63203125 0.028125 0.046875
0 0.66015625 0.6203125 0.04375 0.0515625
0 0.5984375 0.7828125 0.075 0.0671875
0 0.6640625 0.721875 0.003125 0.0265625
0 0.4984375 0.79765625 0.028125 0.0296875
0 0.359375 0.79296875 0.0078125 0.0140625
0 0.35546875 0.7578125 0.0296875 0.0421875
0 0.20390625 0.5015625 0.0328125 0.0421875
0 0.26640625 0.534375 0.0109375 0.0109375
0 0.4828125 0.5828125 0.025 0.015625
0 0.42421875 0.78359375 0.021875 0.025
1 0.48515625 0.3390625 0.875 0.678125