0 0.63203125 0.328125 0.4296875 0.2890625
0 0.56953125 0.58515625 0.0765625 0.078125
0 0.4609375 0.58203125 0.0671875 0.0859375
0 0.5796875 0.7125 0.06875 0.09375
0 0.71875 0.69296875 0.0703125 0.0875
0 0.84140625 0.6921875 0.0828125 0.0859375
0 0.8390625 0.58515625 0.0515625 0.04375
0 0.709375 0.59296875 0.0671875 0.04375
0 0.70546875 0.5296875 0.071875 0.0671875
0 0.8390625 0.51484375 0.140625 0.084375
0 0.72265625 0.790625 0.071875 0.0546875
0 0.46796875 0.67890625 0.065625 0.0265625
1 0.5578125 0.0875 0.63125 0.175