0 0.24375 0.77578125 0.0765625 0.090625
0 0.20390625 0.61796875 0.0671875 0.0859375
0 0.3140625 0.79296875 0.0453125 0.0484375
0 0.09765625 0.7671875 0.028125 0.0234375
0 0.434375 0.7734375 0.13125 0.0703125
0 0.3921875 0.55546875 0.0515625 0.109375
0 0.46640625 0.65078125 0.0984375 0.075
0 0.5515625 0.76796875 0.090625 0.0546875
0 0.8734375 0.67890625 0.1140625 0.0921875
0 0.7234375 0.71640625 0.178125 0.0578125
0 0.5609375 0.64296875 0.0625 0.08125
0 0.678125 0.64140625 0.028125 0.046875
0 0.76953125 0.64296875 0.0890625 0.0828125
0 0.659375 0.7625 0.01875 0.03125
0 0.9765625 0.68046875 0.046875 0.0828125
1 0.7140625 0.29765625 0.571875 0.5953125
1 0.2109375 0.2484375 0.4171875 0.4859375