0 0.77265625 0.265625 0.0796875 0.0578125
0 0.19921875 0.31640625 0.103125 0.15625
0 0.81015625 0.328125 0.096875 0.0703125
0 0.44921875 0.33984375 0.2390625 0.40625
0 0.63828125 0.3484375 0.1203125 0.43125
0 0.29453125 0.3640625 0.0703125 0.3609375
0 0.73828125 0.39921875 0.065625 0.4
0 0.7796875 0.47265625 0.0703125 0.2234375
0 0.21640625 0.49375 0.0984375 0.1828125
0 0.18359375 0.61640625 0.0515625 0.075
0 0.38828125 0.625 0.04375 0.034375
0 0.58046875 0.6625 0.065625 0.0828125
0 0.70546875 0.66796875 0.1921875 0.1390625
0 0.86171875 0.73046875 0.034375 0.0625
0 0.80859375 0.7671875 0.1296875 0.065625
0 0.35234375 0.771875 0.0671875 0.075