0 0.45703125 0.25234375 0.025 0.0453125
0 0.22109375 0.2671875 0.0515625 0.1703125
0 0.40625 0.2953125 0.0390625 0.1109375
0 0.70078125 0.34765625 0.04375 0.0609375
0 0.209375 0.38359375 0.0265625 0.0203125
0 0.66328125 0.40390625 0.03125 0.0265625
0 0.17421875 0.46171875 0.0265625 0.0578125
0 0.6796875 0.4671875 0.0546875 0.0515625
0 0.94453125 0.05078125 0.0765625 0.1015625
0 0.14453125 0.51953125 0.025 0.040625
0 0.73828125 0.540625 0.165625 0.0796875
0 0.92578125 0.553125 0.1390625 0.0828125
0 0.40625 0.5625 0.03125 0.0890625
0 0.1359375 0.5640625 0.0265625 0.04375
0 0.12734375 0.571875 0.0296875 0.034375
0 0.97890625 0.6140625 0.0421875 0.065625
0 0.4578125 0.634375 0.0578125 0.1328125
0 0.45703125 0.146875 0.0296875 0.075
0 0.41015625 0.1578125 0.0484375 0.1015625
0 0.94140625 0.20078125 0.10625 0.11875