0 0.115625 0.2515625 0.075 0.053125
0 0.24140625 0.25703125 0.10625 0.1859375
0 0.509375 0.26796875 0.0671875 0.3640625
0 0.38203125 0.2921875 0.0578125 0.10625
0 0.61171875 0.33984375 0.0578125 0.1203125
0 0.2296875 0.3609375 0.0765625 0.0390625
0 0.43046875 0.36328125 0.04375 0.1078125
0 0.2921875 0.39765625 0.15 0.0484375
0 0.28359375 0.43984375 0.0484375 0.040625
0 0.5421875 0.509375 0.0234375 0.0875
0 0.50625 0.515625 0.04375 0.0921875
0 0.328125 0.51796875 0.05625 0.0484375
0 0.99140625 0.54453125 0.0171875 0.1703125
0 0.37734375 0.59375 0.1234375 0.0390625
0 0.83984375 0.603125 0.034375 0.065625
0 0.83984375 0.609375 0.1375 0.0609375
0 0.821875 0.08046875 0.0625 0.1453125
0 0.60546875 0.09375 0.0515625 0.1609375
0 0.453125 0.18359375 0.034375 0.1109375
0 0.1703125 0.18984375 0.025 0.04375
0 0.39765625 0.209375 0.0609375 0.0515625
0 0.7328125 0.02265625 0.1203125 0.0453125
0 0.334375 0.2390625 0.0703125 0.0890625