0 0.19375 0.8296875 0.025 0.05
0 0.23359375 0.7890625 0.021875 0.04375
0 0.31171875 0.74296875 0.021875 0.0515625
0 0.35703125 0.8265625 0.015625 0.0296875
0 0.4125 0.77734375 0.015625 0.04375
0 0.45078125 0.79296875 0.0140625 0.053125
0 0.478125 0.82578125 0.01875 0.034375
0 0.51953125 0.79453125 0.01875 0.028125
0 0.56875 0.78359375 0.015625 0.05
0 0.60546875 0.615625 0.0125 0.0453125
0 0.69921875 0.83046875 0.009375 0.0515625
0 0.71796875 0.72421875 0.0203125 0.040625
0 0.7671875 0.815625 0.0203125 0.01875
0 0.78828125 0.7359375 0.01875 0.028125