1 0.21640625 0.53828125 0.1171875 0.0515625
0 0.365625 0.571875 0.090625 0.0796875
1 0.5765625 0.6265625 0.121875 0.1265625
1 0.4375 0.6484375 0.1140625 0.0640625
1 0.940625 0.6859375 0.11875 0.284375
1 0.621875 0.7515625 0.1015625 0.0390625
0 0.7875 0.7671875 0.05625 0.1015625
1 0.0734375 0.10234375 0.146875 0.2046875
1 0.43359375 0.13671875 0.3234375 0.2734375
1 0.85 0.19296875 0.3 0.3859375
1 0.55859375 0.3 0.1453125 0.25
0 0.4818609484375 0.296276875 0.3768926578125 0.3369166234375 0.32024310312500004 0.232039853125 0.38022498437499996 0.132406921875 0.295250653125 0.019664393750000002 0.232769528125 0.166491871875 0.196113934375 0.1533822765625 0.158625259375 0.061615101562499996 0.134465890625 0.11667540624999999 0.0944779703125 0.0721027796875 0.00450515 0.1573151546875 0.0070043953125 0.38411116875 0.1078072765625 0.4417933921875 0.5460082374999999 0.5833770312500001 0.640146465625 0.575511275 0.699295265625 0.6856318828125 0.9437109375 0.7682223390625 0.9442212765625 0.7747771375 0.9650483187500001 0.3185631875 0.7167899796875 0.228106975 0.6601404265624999 0.0629260625 0.601824709375 0.0393287890625 0.6118216890625 0.197954903125 0.4818609484375 0.296276875
1 0.1 0.44140625 0.2 0.134375