0 0.065498103125 0.25 0.0126332375 0.23076923124999998 0 0.22836538437499998 0.007827340625 0.278846153125 0.0534833625 0.377403846875 0.065498103125 0.25
0 0.4671875 0.3375 0.0484375 0.125
0 0.38359375 0.5765625 0.09375 0.0484375
0 0.45703125 0.6453125 0.040625 0.0234375
0 0.546875 0.6609375 0.025 0.0234375
0 0.251049415625 0 0.2649428296875 0.127403846875 0.2889723125 0.09375 0.33943423125 0.1418269234375 0.334628334375 0.1081730765625 0.3542292671875 0.002403846875 0.3196612234375 0 0.251049415625 0
0 0.5203125 0.7171875 0.028125 0.028125
0 0.2078125 0.071875 0.0484375 0.0625
0 0.6046875 0.80546875 0.0265625 0.0296875
0 0.228125 0.14921875 0.0453125 0.096875
0 0.640625 0.15859375 0.034375 0.071875
0 0.6421875 0.15859375 0.0390625 0.0765625
0 0.03984375 0.1609375 0.0625 0.0765625
0 0.4734375 0.18046875 0.053125 0.0890625