0 0.23671875 0.2578125 0.0640625 0.16875
0 0.50390625 0.29375 0.1640625 0.221875
0 0.35703125 0.30234375 0.1484375 0.24375
0 0.62734375 0.33046875 0.0734375 0.1703125
1 0.075 0.36640625 0.15 0.1671875
0 0.7375 0.36796875 0.10625 0.1953125
0 0.28125 0.42421875 0.1984375 0.1640625
0 0.81875 0.44609375 0.0375 0.0390625
0 0.6015625 0.4796875 0.021875 0.090625
0 0.146875 0.48203125 0.0328125 0.078125
0 0.4984375 0.4953125 0.034375 0.08125
0 0.55703125 0.496875 0.0578125 0.08125
0 0.73515625 0.51171875 0.046875 0.0359375
0 0.0640625 0.51328125 0.1140625 0.078125
1 0.48671875 0.15859375 0.496875 0.3171875
1 0.13515625 0.17890625 0.2703125 0.2953125