0 0.884375 0.265625 0.065625 0.2328125
0 0.5328125 0.27265625 0.0390625 0.1703125
0 0.790625 0.30859375 0.128125 0.159375
0 0.2828125 0.3234375 0.0453125 0.065625
0 0.35703125 0.3765625 0.071875 0.1453125
0 0.25390625 0.41015625 0.0671875 0.0765625
0 0.946875 0.4796875 0.0796875 0.159375
0 0.52265625 0.49296875 0.0234375 0.16875
0 0.5359375 0.61796875 0.04375 0.059375
0 0.38203125 0.64453125 0.0578125 0.4
0 0.5328125 0.6890625 0.0265625 0.065625
0 0.5296875 0.78515625 0.0796875 0.1140625
0 0.50703125 0.84609375 0.0671875 0.0875
0 0.56640625 0.89453125 0.0296875 0.034375
0 0.578125 0.11328125 0.128125 0.1421875
0 0.68984375 0.22578125 0.0796875 0.1203125