0 0.34140625 0.03515625 0.1578125 0.0625
0 0.36171875 0.3453125 0.159375 0.053125
0 0.8640625 0.34765625 0.025 0.1296875
0 0.8609375 0.46015625 0.0484375 0.0875
0 0.43052705468749997 0.47008547187499994 0.42518717031250003 0.5154914515625 0.44387676875000004 0.6223290593749999 0.419847284375 0.665064103125 0.4278571125 0.7264957265625 0.4465467109375 0.7345085484375 0.459896425 0.6810897421875 0.46790625468749997 0.5475427359375 0.49193573749999997 0.53151709375 0.47905815937499996 0.440705128125 0.43052705468749997 0.47008547187499994
0 0.8578125 0.61640625 0.03125 0.2140625
0 0.5875 0.0796875 0.0359375 0.1203125
1 0.93125 0.13203125 0.1375 0.221875
0 0.6546875 0.13359375 0.028125 0.1515625
0 0.546875 0.1890625 0.0265625 0.0703125
0 0.81875 0.21015625 0.05625 0.4203125