0 0.08125 0.35390625 0.0421875 0.171875
0 0.2046875 0.2125 0.0484375 0.1421875
0 0.3203125 0.26015625 0.05625 0.1
0 0.4796875 0.2578125 0.0671875 0.0953125
0 0.58828125 0.21953125 0.03125 0.1265625
0 0.70859375 0.22421875 0.046875 0.121875
0 0.84609375 0.2015625 0.0421875 0.090625
0 0.04453125 0.8125 0.046875 0.165625
0 0.0890625 0.67734375 0.0375 0.0859375
0 0.3390625 0.57109375 0.04375 0.1265625
0 0.28203125 0.803125 0.0515625 0.1609375
0 0.47265625 0.59140625 0.0828125 0.125
0 0.43828125 0.8171875 0.0578125 0.1375
0 0.60390625 0.5609375 0.0453125 0.1125
0 0.6203125 0.7921875 0.065625 0.1296875
0 0.75390625 0.753125 0.05625 0.1296875
0 0.76328125 0.52578125 0.0484375 0.1140625
0 0.846875 0.5640625 0.04375 0.0875
0 0.86015625 0.81171875 0.03125 0.090625