0 0.8125 0.79375 0.3078125 0.1125
0 0.5390625 0.68828125 0.2375 0.3296875
0 0.71328125 0.4171875 0.015625 0.028125
0 0.7625 0.640625 0.021875 0.0484375
0 0.8109375 0.50703125 0.028125 0.04375
0 0.28359375 0.6515625 0.19375 0.1484375
0 0.09296875 0.59765625 0.1859375 0.1421875
0 0.253125 0.41953125 0.0640625 0.30625
0 0.3453125 0.1375 0.025 0.0984375
0 0.10546875 0.4296875 0.059375 0.1921875
0 0.4421875 0.4234375 0.0203125 0.19375
0 0.24453125 0.1921875 0.0578125 0.0703125
0 0.440625 0.2140625 0.034375 0.034375
0 0.50234375 0.48359375 0.05625 0.0734375
0 0.58984375 0.48125 0.04375 0.08125
0 0.3359375 0.5171875 0.0984375 0.1109375
0 0.35390625 0.23828125 0.0625 0.05625
1 0.88828125 0.63359375 0.21875 0.196875