0 0.31640625 0.62578125 0.09375 0.1875
0 0.465625 0.5484375 0.053125 0.2734375
0 0.76640625 0.7546875 0.046875 0.0578125
0 0.7609375 0.6734375 0.015625 0.0546875
0 0.6125 0.4484375 0.05 0.078125
0 0.57734375 0.546875 0.0265625 0.05625
0 0.48828125 0.315625 0.10625 0.2
0 0.4015625 0.48203125 0.0734375 0.1671875
0 0.6140625 0.3234375 0.0515625 0.0890625
0 0.6859375 0.396875 0.04375 0.05
0 0.3984375 0.7265625 0.0375 0.0203125
0 0.2515625 0.80625 0.025 0.0359375
0 0.5359375 0.72421875 0.046875 0.0203125
0 0.52578125 0.4765625 0.0671875 0.1203125
0 0.396875 0.30390625 0.0796875 0.1828125
0 0.50703125 0.17578125 0.03125 0.08125
1 0.60859375 0.13515625 0.125 0.2640625
1 0.24765625 0.1015625 0.4828125 0.2
1 0.1796875 0.365625 0.3484375 0.3125
1 0.11640625 0.6671875 0.2296875 0.271875