0 0.57578125 0.88203125 0.11875 0.171875
0 0.275 0.88046875 0.1140625 0.153125
0 0.06484375 0.825 0.1296875 0.29375
0 0.88046875 0.67421875 0.2390625 0.1421875
0 0.715625 0.43359375 0.1875 0.11875
0 0.90546875 0.5265625 0.18125 0.153125
0 0.26953125 0.4203125 0.2859375 0.2625
0 0.51953125 0.4796875 0.209375 0.184375
0 0.53125 0.69140625 0.4265625 0.1921875
0 0.23984375 0.75078125 0.1671875 0.096875
0 0.7109375 0.8890625 0.1390625 0.2015625
0 0.71953125 0.54375 0.1828125 0.1015625
0 0.90390625 0.8828125 0.140625 0.096875
0 0.42578125 0.8015625 0.178125 0.028125
1 0.71171875 0.1859375 0.5609375 0.35
1 0.21015625 0.1453125 0.3859375 0.2703125