0 0.92578125 0.4515625 0.059375 0.0703125
0 0.9921875 0.496875 0.0140625 0.0578125
0 0.48125 0.1765625 0.075 0.1640625
0 0.2046875 0.63359375 0.209375 0.2375
0 0.74765625 0.53671875 0.2078125 0.3828125
0 0.90078125 0.8171875 0.13125 0.0453125
0 0.9234375 0.9328125 0.0421875 0.1203125
1 0.2078125 0.190625 0.415625 0.38125
1 0.04921875 0.4828125 0.090625 0.18125
1 0.48984375 0.346875 0.1296875 0.1546875
1 0.6015625 0.1375 0.1421875 0.25625
0 0.56015625 0.46953125 0.025 0.0609375
0 0.59609375 0.540625 0.0171875 0.0328125