0 0.475 0.2828125 0.09375 0.2234375
0 0.54921875 0.71015625 0.1671875 0.5796875
1 0.15859375 0.47421875 0.3171875 0.6546875
1 0.23828125 0.853125 0.4109375 0.29375
1 0.790625 0.77265625 0.3453125 0.4546875
0 0.984375 0.9046875 0.03125 0.0515625
0 0.734375 0.16171875 0.2921875 0.2796875
0 0.9078125 0.0890625 0.053125 0.1625
0 0.51796875 0.06640625 0.0265625 0.065625
0 0.5609375 0.1484375 0.0640625 0.178125
0 0.553125 0.31640625 0.1046875 0.165625
0 0.6171875 0.44765625 0.109375 0.1453125
0 0.353125 0.28046875 0.1296875 0.5609375
0 0.36796875 0.071875 0.2578125 0.14375