0 0.4078125 0.6234375 0.0421875 0.10625
0 0.7078125 0.5234375 0.075 0.0765625
0 0.85546875 0.62578125 0.059375 0.06875
0 0.94921875 0.603125 0.0890625 0.1203125
0 0.05546875 0.078125 0.05 0.075
0 0.13203125 0.1859375 0.0484375 0.065625
0 0.18515625 0.29296875 0.0453125 0.065625
0 0.221875 0.40546875 0.1203125 0.1484375
1 0.47578125 0.77734375 0.059375 0.175
1 0.56328125 0.803125 0.0953125 0.1578125
1 0.6953125 0.9203125 0.0796875 0.159375
1 0.86953125 0.9265625 0.08125 0.146875
1 0.734375 0.2578125 0.078125 0.1875
1 0.965625 0.2890625 0.06875 0.1390625
1 0.66875 0.4234375 0.0828125 0.1640625
0 0.91875 0.6765625 0.015625 0.0359375
0 0.93515625 0.6828125 0.00625 0.0234375
0 0.88515625 0.7859375 0.0125 0.01875
0 0.89765625 0.75703125 0.0140625 0.0265625