0 0.83515625 0.07109375 0.0625 0.1421875
0 0.74296875 0.0734375 0.0984375 0.146875
0 0.91015625 0.103125 0.0171875 0.0765625
0 0.87890625 0.10546875 0.0140625 0.065625
0 0.79453125 0.10703125 0.025 0.0703125
0 0.45703125 0.19921875 0.24375 0.1078125
0 0.88203125 0.2796875 0.0140625 0.1109375
0 0.78125 0.28125 0.16875 0.0921875
0 0.60703125 0.3078125 0.0265625 0.053125
0 0.58046875 0.30859375 0.0171875 0.04375
0 0.91015625 0.3109375 0.021875 0.1421875
0 0.6296875 0.31484375 0.03125 0.0265625
0 0.56484375 0.33046875 0.0171875 0.0296875