0 0.484375 0.68515625 0.1578125 0.35625
0 0.63125 0.75546875 0.134375 0.1734375
0 0.8015625 0.75078125 0.2015625 0.128125
0 0.20390625 0.80390625 0.403125 0.1453125
0 0.31484375 0.64765625 0.103125 0.103125
1 0.11328125 0.36328125 0.215625 0.7265625
1 0.725 0.496875 0.3203125 0.36875
1 0.31171875 0.328125 0.1859375 0.5390625
1 0.4875 0.3484375 0.1578125 0.328125
1 0.6125 0.28125 0.0890625 0.0671875
1 0.2453125 0.6609375 0.046875 0.1375
1 0.38671875 0.66640625 0.0390625 0.128125
1 0.32109375 0.71484375 0.1 0.03125