0 0.2328125 0.678125 0.003125 0.0359375
0 0.2703125 0.66796875 0.0046875 0.00625
0 0.284375 0.67421875 0.00625 0.0046875
0 0.35859375 0.67734375 0.015625 0.028125
0 0.4640625 0.5546875 0.0203125 0.0203125
0 0.31640625 0.53203125 0.0125 0.015625
0 0.26015625 0.52109375 0.0078125 0.0125
0 0.56875 0.825 0.0203125 0.0359375
0 0.68515625 0.71328125 0.0203125 0.0328125
0 0.85546875 0.6328125 0.0109375 0.0109375
0 0.9171875 0.64296875 0.0140625 0.0140625
0 0.9390625 0.65 0.00625 0.0078125
0 0.98828125 0.6578125 0.0046875 0.0078125
1 0.5 0.3328125 1 0.665625