1 0.071875 0.16484375 0.14375 0.3296875
1 0.21875 0.3921875 0.221875 0.125
1 0.209375 0.1640625 0.1265625 0.328125
1 0.35703125 0.31640625 0.1703125 0.3453125
0 0.05390625 0.49765625 0.1078125 0.34375
0 0.171875 0.55078125 0.134375 0.228125
0 0.2640625 0.55625 0.0484375 0.1625
0 0.34296875 0.525 0.11875 0.1703125
0 0.34609375 0.62421875 0.0390625 0.034375
0 0.43359375 0.6203125 0.034375 0.0359375
0 0.41796875 0.528125 0.015625 0.021875
0 0.52265625 0.64375 0.053125 0.046875
0 0.571875 0.62890625 0.046875 0.0703125