1 0.784375 0.134375 0.43125 0.2609375
1 0.89375 0.421875 0.2125 0.3203125
1 0.9125 0.69921875 0.175 0.0671875
1 0.36484375 0.16484375 0.303125 0.190625
1 0.5421875 0.08984375 0.065625 0.1625
0 0.5609375 0.278125 0.084375 0.2453125
0 0.38125 0.746875 0.0734375 0.0359375
0 0.54296875 0.721875 0.05 0.04375
0 0.78984375 0.7046875 0.075 0.0484375
0 0.71484375 0.7109375 0.0546875 0.0390625
0 0.63046875 0.715625 0.1046875 0.05
0 0.69453125 0.4390625 0.096875 0.103125
0 0.77109375 0.50859375 0.0421875 0.125
0 0.72734375 0.5171875 0.03125 0.0375
0 0.65234375 0.32578125 0.090625 0.115625
0 0.64140625 0.5828125 0.01875 0.0203125
0 0.67890625 0.5734375 0.0390625 0.025