0 0.02109375 0.72265625 0.028125 0.034375
0 0.04453125 0.74296875 0.0203125 0.0203125
0 0.07734375 0.75546875 0.01875 0.0171875
0 0.10390625 0.7640625 0.0171875 0.01875
0 0.12734375 0.7796875 0.021875 0.021875
0 0.21875 0.80546875 0.0375 0.025
0 0.275 0.8140625 0.0203125 0.0234375
0 0.3515625 0.81953125 0.0359375 0.03125
0 0.171875 0.7453125 0.0171875 0.0078125
0 0.315625 0.71953125 0.0203125 0.01875
0 0.228125 0.7203125 0.0234375 0.0171875
0 0.28203125 0.76640625 0.0296875 0.021875
0 0.31484375 0.8265625 0.0203125 0.015625
0 0.33515625 0.7203125 0.01875 0.034375
0 0.27578125 0.7171875 0.0171875 0.0171875
1 0.465625 0.6453125 0.2328125 0.190625
1 0.8578125 0.38515625 0.2796875 0.5015625
1 0.64921875 0.53984375 0.1375 0.284375
1 0.36484375 0.77421875 0.1125 0.065625
1 0.2828125 0.6609375 0.134375 0.0796875