0 0.1328125 0.825 0.025 0.0328125
0 0.26015625 0.78828125 0.0390625 0.040625
0 0.33671875 0.80859375 0.0171875 0.0234375
0 0.3609375 0.82109375 0.025 0.025
0 0.42421875 0.8171875 0.0140625 0.0265625
0 0.6703125 0.76953125 0.0109375 0.0171875
0 0.92109375 0.78828125 0.040625 0.04375
0 0.7796875 0.79609375 0.01875 0.025
1 0.1921875 0.7671875 0.0984375 0.103125
1 0.5375 0.73515625 0.1890625 0.16875
1 0.81640625 0.7125 0.3671875 0.10625
1 0.8421875 0.7859375 0.0953125 0.0359375
1 0.36171875 0.7625 0.1625 0.0734375
1 0.26015625 0.7421875 0.040625 0.053125
1 0.13125 0.78515625 0.0234375 0.046875