1 0.1125 0.07265625 0.196875 0.1453125
1 0.3125 0.09921875 0.20625 0.1984375
0 0.2859375 0.30859375 0.1890625 0.2140625
0 0.47890625 0.32734375 0.1140625 0.159375
0 0.67734375 0.234375 0.271875 0.3671875
0 0.87890625 0.64140625 0.0453125 0.1171875
0 0.94765625 0.69140625 0.034375 0.0203125
0 0.496875 0.16796875 0.078125 0.1546875
0 0.58125 0.0453125 0.1453125 0.0890625
0 0.4015625 0.33515625 0.09375 0.10625
1 0.6984375 0.0234375 0.0875 0.04375
1 0.45859375 0.04609375 0.0984375 0.0921875
1 0.403125 0.24375 0.0359375 0.0984375
1 0.4328125 0.16328125 0.04375 0.16875