0 0.87109375 0.6828125 0.2578125 0.26875
0 0.6875 0.53046875 0.2625 0.4078125
0 0.14453125 0.5671875 0.109375 0.28125
0 0.26328125 0.64375 0.11875 0.309375
0 0.3984375 0.625 0.1515625 0.353125
0 0.515625 0.5796875 0.08125 0.2859375
0 0.3515625 0.15625 0.1921875 0.2
1 0.128125 0.175 0.25625 0.35
1 0.47265625 0.34453125 0.1703125 0.1828125
1 0.49453125 0.13984375 0.0890625 0.228125
1 0.63046875 0.2421875 0.184375 0.165625
1 0.31953125 0.35234375 0.11875 0.18125
1 0.3109375 0.028125 0.109375 0.05625
0 0.709375 0.77578125 0.0625 0.084375