0 0.48046875 0.55546875 0.015625 0.03125
0 0.5265625 0.55 0.021875 0.0265625
0 0.60859375 0.5390625 0.01875 0.0546875
0 0.5703125 0.54609375 0.01875 0.0265625
0 0.58515625 0.49375 0.021875 0.0375
0 0.621875 0.47890625 0.0390625 0.046875
0 0.7203125 0.409375 0.0328125 0.0515625
0 0.46015625 0.41484375 0.025 0.040625
0 0.515625 0.4859375 0.0265625 0.0359375
0 0.57265625 0.45625 0.0265625 0.090625
0 0.48203125 0.44609375 0.0265625 0.0453125
0 0.37265625 0.44375 0.0234375 0.053125
0 0.35078125 0.434375 0.0234375 0.0546875
0 0.31328125 0.37734375 0.04375 0.1375
0 0.27265625 0.409375 0.04375 0.04375
1 0.31875 0.240625 0.05625 0.1484375
1 0.52734375 0.36875 0.059375 0.1921875
1 0.42421875 0.3 0.1484375 0.2109375
1 0.509375 0.13359375 0.0859375 0.2671875
1 0.31953125 0.08203125 0.1234375 0.1640625
1 0.71796875 0.25546875 0.0890625 0.275
1 0.79296875 0.11484375 0.125 0.2296875
1 0.6015625 0.06640625 0.1015625 0.1328125
0 0.63125 0.509375 0.025 0.0203125