0 0.1875 0.940625 0.025 0.040625
0 0.23359375 0.92734375 0.05 0.0515625
0 0.3296875 0.92890625 0.040625 0.0359375
0 0.3875 0.88359375 0.05625 0.071875
0 0.47421875 0.87578125 0.0734375 0.0375
0 0.56171875 0.82109375 0.040625 0.0796875
0 0.61171875 0.72109375 0.0578125 0.2078125
0 0.68671875 0.77421875 0.0953125 0.090625
0 0.7828125 0.725 0.0703125 0.159375
0 0.94921875 0.50625 0.090625 0.253125
0 0.7 0.61328125 0.0234375 0.021875
1 0.078125 0.91796875 0.08125 0.0953125
1 0.40625 0.75234375 0.0625 0.2375
1 0.22265625 0.86875 0.071875 0.1015625
1 0.78671875 0.19140625 0.0671875 0.3765625
1 0.72421875 0.5625 0.0328125 0.071875
1 0.85625 0.3125 0.071875 0.190625
1 0.8953125 0.10703125 0.0546875 0.2140625
1 0.3703125 0.1546875 0.06875 0.1625
1 0.45546875 0.39453125 0.05625 0.196875
1 0.30390625 0.10078125 0.078125 0.2015625