0 0.51640625 0.1984375 0.046875 0.084375
0 0.5890625 0.153125 0.090625 0.2015625
0 0.63984375 0.1875 0.06875 0.0953125
0 0.71953125 0.14375 0.065625 0.0890625
0 0.7421875 0.21796875 0.025 0.0578125
0 0.78984375 0.22890625 0.015625 0.0296875
0 0.56875 0.29765625 0.09375 0.0609375
0 0.09609375 0.2484375 0.1921875 0.0890625
0 0.39453125 0.2671875 0.0359375 0.046875
0 0.1765625 0.6421875 0.23125 0.2859375
0 0.45859375 0.79140625 0.040625 0.0671875
0 0.27890625 0.24609375 0.171875 0.10625
0 0.01953125 0.6328125 0.0375 0.075
0 0.009375 0.53671875 0.01875 0.0625
0 0.42578125 0.77578125 0.021875 0.0609375
1 0.2515625 0.10078125 0.496875 0.2015625
1 0.92109375 0.26484375 0.1578125 0.5296875
1 0.7359375 0.05 0.215625 0.096875
1 0.0984375 0.38359375 0.196875 0.2328125
1 0.56484375 0.02578125 0.128125 0.0515625
1 0.80625 0.15234375 0.075 0.1015625
0 0.01640625 0.9078125 0.0328125 0.053125
0 0.05078125 0.93984375 0.0375 0.0296875
0 0.08515625 0.95703125 0.0296875 0.0296875
0 0.11484375 0.978125 0.028125 0.0296875
0 0.14453125 0.99453125 0.0328125 0.0109375
0 0.39453125 0.98125 0.021875 0.03125