0 0.4625 0.80078125 0.1078125 0.0640625
0 0.68125 0.64921875 0.1609375 0.0421875
0 0.82421875 0.65546875 0.06875 0.015625
0 0.7375 0.50625 0.1265625 0.0359375
0 0.67265625 0.32421875 0.1078125 0.2703125
0 0.58125 0.15859375 0.0640625 0.1265625
0 0.78125 0.36328125 0.078125 0.11875
0 0.9015625 0.50546875 0.025 0.0453125
0 0.090625 0.48828125 0.11875 0.2046875
0 0.28828125 0.44453125 0.2984375 0.184375
0 0.2265625 0.2328125 0.0703125 0.1140625
0 0.11640625 0.40859375 0.0421875 0.1171875
0 0.48203125 0.4015625 0.0890625 0.2
0 0.57109375 0.4421875 0.0859375 0.2296875
0 0.46875 0.5484375 0.128125 0.0515625
1 0.35 0.1890625 0.1765625 0.378125
1 0.20078125 0.33359375 0.1234375 0.084375
1 0.49375 0.15546875 0.1046875 0.3109375
1 0.5859375 0.278125 0.071875 0.1078125
1 0.75390625 0.25078125 0.1234375 0.109375
1 0.6640625 0.09453125 0.1125 0.1890625
1 0.0828125 0.7734375 0.025 0.0703125
1 0.15234375 0.67734375 0.059375 0.05