0 0.08046875 0.69765625 0.153125 0.1921875
0 0.209375 0.69375 0.0984375 0.2
0 0.3421875 0.6421875 0.165625 0.428125
0 0.47265625 0.6125 0.1 0.4984375
0 0.54609375 0.75390625 0.0484375 0.209375
0 0.69453125 0.7546875 0.1453125 0.221875
0 0.6 0.66953125 0.05625 0.259375
0 0.80859375 0.78671875 0.08125 0.31875
0 0.909375 0.83046875 0.121875 0.2796875
0 0.984375 0.89140625 0.03125 0.1109375
1 0.1828125 0.1890625 0.365625 0.378125
1 0.54453125 0.5828125 0.0390625 0.1375
1 0.7125 0.5984375 0.153125 0.0765625
1 0.26953125 0.8234375 0.053125 0.059375