0 0.54921875 0.65703125 0.090625 0.1515625
0 0.6546875 0.64375 0.040625 0.159375
0 0.45078125 0.628125 0.075 0.2421875
0 0.50703125 0.4390625 0.084375 0.0703125
0 0.48046875 0.4875 0.025 0.1515625
1 0.90234375 0.40234375 0.19375 0.8046875
1 0.73671875 0.35703125 0.1359375 0.7140625
1 0.6046875 0.2328125 0.1125 0.465625
1 0.54296875 0.52421875 0.109375 0.1078125
1 0.61328125 0.62734375 0.0390625 0.1171875
1 0.27421875 0.20078125 0.5484375 0.4015625
1 0.115625 0.571875 0.23125 0.3515625
1 0.25390625 0.53671875 0.046875 0.2859375
1 0.36796875 0.446875 0.19375 0.1203125
0 0.31328125 0.58828125 0.0546875 0.1625
0 0.3609375 0.65546875 0.01875 0.034375
1 0.115625 0.78984375 0.059375 0.08125