1 0.84140625 0.134375 0.3171875 0.2671875
1 0.95 0.54140625 0.1 0.5484375
1 0.58984375 0.28203125 0.178125 0.16875
1 0.85546875 0.47890625 0.0921875 0.40625
0 0.41875 0.446875 0.165625 0.340625
0 0.65546875 0.4671875 0.3078125 0.2390625
0 0.6171875 0.653125 0.0734375 0.1328125
0 0.70390625 0.66484375 0.0609375 0.1328125
0 0.746875 0.81015625 0.0125 0.0265625
0 0.77265625 0.6671875 0.065625 0.0515625
0 0.796875 0.71953125 0.009375 0.025
0 0.9015625 0.7109375 0.015625 0.034375
0 0.85390625 0.76171875 0.025 0.1