0 0.246875 0.5625 0.053125 0.03125
0 0.32109375 0.4921875 0.0390625 0.15
0 0.3578125 0.44609375 0.0390625 0.0359375
0 0.39921875 0.46328125 0.015625 0.0296875
0 0.4375 0.46328125 0.028125 0.028125
0 0.48359375 0.625 0.06875 0.0828125
0 0.56171875 0.61953125 0.0625 0.0625
0 0.46328125 0.54609375 0.0375 0.0546875
0 0.2578125 0.62890625 0.0796875 0.0515625
0 0.328125 0.62109375 0.0515625 0.0609375
0 0.11953125 0.45703125 0.025 0.0359375
0 0.24765625 0.41484375 0.034375 0.0296875
0 0.26015625 0.4546875 0.0234375 0.0234375
0 0.265625 0.51953125 0.0234375 0.053125
0 0.16328125 0.4859375 0.0171875 0.0765625
0 0.1625 0.63515625 0.0609375 0.0390625
0 0.9359375 0.521875 0.0140625 0.0390625
0 0.95625 0.51953125 0.0078125 0.053125
0 0.96953125 0.51953125 0.00625 0.0171875
0 0.56953125 0.66484375 0.015625 0.0265625
0 0.53828125 0.553125 0.015625 0.0359375
0 0.58671875 0.5515625 0.0046875 0.0125
0 0.4078125 0.61640625 0.021875 0.028125
0 0.2265625 0.4640625 0.021875 0.021875
0 0.28203125 0.40625 0.0171875 0.0203125
0 0.46484375 0.46953125 0.0109375 0.0078125
1 0.87109375 0.1265625 0.215625 0.2515625
1 0.92265625 0.28828125 0.0546875 0.075
1 0.34375 0.2890625 0.0984375 0.1828125
1 0.7140625 0.10703125 0.0984375 0.2
1 0.4703125 0.43125 0.0484375 0.0703125
1 0.59140625 0.378125 0.1125 0.0796875
1 0.3796875 0.5234375 0.028125 0.0515625
0 0.2078125 0.384375 0.0125 0.040625
0 0.23984375 0.3609375 0.0140625 0.0203125
0 0.19453125 0.34296875 0.009375 0.01875
0 0.61953125 0.559375 0.00625 0.0125
0 0.60234375 0.559375 0.0046875 0.009375
0 0.5078125 0.55859375 0.021875 0.0546875
0 0.50703125 0.440625 0.0109375 0.0328125