0 0.1078125 0.0828125 0.215625 0.1578125
0 0.15625 0.225 0.1140625 0.121875
0 0.2421875 0.296875 0.0765625 0.0859375
0 0.28984375 0.35625 0.0640625 0.0828125
0 0.3359375 0.41015625 0.0515625 0.0625
0 0.4109375 0.47421875 0.09375 0.146875
0 0.55 0.48671875 0.1796875 0.2125
0 0.584375 0.6140625 0.0859375 0.071875
0 0.7265625 0.29609375 0.153125 0.28125
0 0.725 0.57109375 0.16875 0.271875
0 0.98046875 0.86953125 0.0375 0.0859375
0 0.9078125 0.79375 0.05625 0.1375
0 0.8328125 0.75390625 0.028125 0.0609375
1 0.43046875 0.11171875 0.4375 0.215625
0 0.6203125 0.26796875 0.046875 0.0921875
1 0.43984375 0.30078125 0.3203125 0.1546875
1 0.90234375 0.3625 0.1953125 0.725
1 0.728125 0.0765625 0.153125 0.153125