0 0.3875 0.64609375 0.1234375 0.1125
0 0.29296875 0.79453125 0.0359375 0.0171875
0 0.24609375 0.58671875 0.0875 0.0203125
0 0.36796875 0.36171875 0.2 0.41875
0 0.67734375 0.253125 0.11875 0.3359375
0 0.54140625 0.3375 0.1453125 0.2703125
0 0.51328125 0.52421875 0.096875 0.115625
0 0.503125 0.65546875 0.0796875 0.1140625
1 0.23671875 0.66328125 0.175 0.15
1 0.4140625 0.12578125 0.13125 0.2453125
1 0.86796875 0.07890625 0.2640625 0.1578125
1 0.83359375 0.22890625 0.1953125 0.13125
1 0.7921875 0.34296875 0.1140625 0.0859375
1 0.7671875 0.40625 0.05625 0.0375
1 0.5765625 0.115625 0.190625 0.23125
1 0.7046875 0.04375 0.06875 0.0875
1 0.2421875 0.484375 0.1171875 0.1734375