1 0.83984375 0.5640625 0.121875 0.1375
1 0.96171875 0.55859375 0.05625 0.14375
1 0.646875 0.51796875 0.090625 0.2125
1 0.57421875 0.5046875 0.084375 0.2390625
1 0.784375 0.23359375 0.43125 0.4671875
1 0.31953125 0.2703125 0.596875 0.540625
1 0.0484375 0.634375 0.0828125 0.18125
1 0.21171875 0.60078125 0.2421875 0.1171875
1 0.43828125 0.61484375 0.0625 0.15625
1 0.51328125 0.58125 0.040625 0.0859375
1 0.54296875 0.71484375 0.0484375 0.065625
1 0.78671875 0.7390625 0.0765625 0.1015625
1 0.68125 0.7171875 0.08125 0.0609375
0 0.00390625 0.759375 0.0078125 0.0125
0 0.13828125 0.68125 0.0609375 0.0390625
0 0.05625 0.74140625 0.040625 0.0375
0 0.12890625 0.75390625 0.08125 0.0328125
0 0.240625 0.71875 0.1234375 0.084375
0 0.3515625 0.6796875 0.1 0.2265625
0 0.4609375 0.74140625 0.1234375 0.09375
0 0.634375 0.778125 0.0203125 0.0421875
1 0.75234375 0.53828125 0.08125 0.1859375