1 0.66171875 0.3484375 0.24375 0.2359375
1 0.45546875 0.36328125 0.165625 0.2421875
1 0.48515625 0.51796875 0.078125 0.0640625
1 0.340625 0.3796875 0.06875 0.1328125
1 0.64453125 0.48671875 0.046875 0.0703125
0 0.303125 0.44921875 0.0171875 0.01875
0 0.35546875 0.471875 0.0171875 0.0140625
0 0.384375 0.5078125 0.0171875 0.0296875
0 0.41484375 0.5546875 0.0203125 0.0234375
0 0.4390625 0.56484375 0.0265625 0.021875
0 0.46328125 0.58203125 0.0171875 0.015625
0 0.47890625 0.590625 0.0109375 0.0078125
0 0.4859375 0.57109375 0.040625 0.028125
0 0.52421875 0.5609375 0.0390625 0.040625
0 0.58359375 0.52265625 0.0640625 0.1
0 0.553125 0.59453125 0.0171875 0.015625
0 0.5734375 0.58515625 0.0265625 0.0125