0 0.25 0.5203125 0.0109375 0.0109375
0 0.26796875 0.528125 0.0140625 0.0125
0 0.37421875 0.696875 0.034375 0.034375
0 0.4171875 0.721875 0.0296875 0.015625
0 0.47109375 0.75078125 0.0328125 0.0234375
0 0.534375 0.7609375 0.0234375 0.025
0 0.78125 0.76015625 0.0140625 0.0125
0 0.52421875 0.6234375 0.009375 0.0125
1 0.39296875 0.65546875 0.0984375 0.0515625
1 0.4734375 0.6765625 0.1421875 0.0734375
1 0.5046875 0.74453125 0.034375 0.0609375
1 0.4859375 0.61171875 0.0640625 0.0515625
1 0.29609375 0.5234375 0.034375 0.05625
1 0.59765625 0.69921875 0.0203125 0.078125
0 0.65703125 0.784375 0.0234375 0.015625