0 0.21015625 0.7390625 0.0359375 0.0828125
0 0.25390625 0.4234375 0.0375 0.046875
0 0.20078125 0.3578125 0.325 0.15625
0 0.44609375 0.61953125 0.0375 0.0546875
0 0.3484375 0.9578125 0.0140625 0.053125
0 0.50703125 0.8078125 0.06875 0.153125
0 0.59375 0.846875 0.0984375 0.0609375
0 0.76328125 0.75859375 0.190625 0.2375
0 0.690625 0.46171875 0.1875 0.25625
0 0.47109375 0.43046875 0.0421875 0.078125
0 0.59375 0.58046875 0.028125 0.0359375
0 0.6625 0.6296875 0.0171875 0.028125
1 0.346875 0.15703125 0.21875 0.25
1 0.3984375 0.36015625 0.0625 0.090625
1 0.51171875 0.23203125 0.1125 0.290625
1 0.6390625 0.21640625 0.140625 0.2296875