1 0.140625 0.1640625 0.28125 0.328125
1 0.64375 0.20859375 0.3078125 0.4171875
1 0.9390625 0.27109375 0.1203125 0.5296875
1 0.83828125 0.21640625 0.078125 0.4328125
1 0.3859375 0.06796875 0.2109375 0.1359375
0 0.15390625 0.7421875 0.0484375 0.046875
0 0.3859375 0.2640625 0.2453125 0.3234375
0 0.82734375 0.6953125 0.0671875 0.046875
0 0.95546875 0.66015625 0.0140625 0.0203125
0 0.71953125 0.58828125 0.0578125 0.090625
0 0.77265625 0.60546875 0.03125 0.034375
0 0.271875 0.6734375 0.115625 0.05
0 0.275 0.7296875 0.1484375 0.0640625
0 0.65703125 0.6765625 0.03125 0.03125
0 0.471875 0.58203125 0.2453125 0.3359375
0 0.62421875 0.71328125 0.028125 0.05
0 0.6109375 0.5859375 0.0515625 0.1671875
0 0.65078125 0.48984375 0.015625 0.0234375
0 0.0625 0.5375 0.125 0.40625
0 0.2703125 0.4484375 0.01875 0.034375
0 0.66015625 0.72578125 0.0171875 0.0203125
0 0.69921875 0.72890625 0.015625 0.0109375
0 0.73515625 0.72265625 0.0078125 0.0140625