0 0.35 0.5046875 0.078125 0.0875
0 0.521875 0.4140625 0.0203125 0.0953125
0 0.53125 0.296875 0.0296875 0.0890625
0 0.55 0.43515625 0.028125 0.134375
0 0.5859375 0.453125 0.0265625 0.0828125
0 0.7078125 0.378125 0.034375 0.0421875
0 0.26484375 0.465625 0.05 0.11875
0 0.365625 0.65859375 0.0296875 0.096875
0 0.1921875 0.6671875 0.0375 0.078125
0 0.33359375 0.678125 0.0203125 0.0515625
0 0.1375 0.471875 0.0265625 0.071875
0 0.1984375 0.44921875 0.08125 0.196875
0 0.3875 0.43515625 0.046875 0.090625
0 0.42734375 0.5140625 0.0140625 0.05625
1 0.203125 0.25390625 0.096875 0.15
1 0.36171875 0.1328125 0.1171875 0.184375
1 0.4640625 0.49765625 0.0578125 0.0765625
1 0.40546875 0.51640625 0.0359375 0.059375
1 0.265625 0.3890625 0.053125 0.0359375
1 0.625 0.32578125 0.046875 0.065625
1 0.328125 0.3140625 0.040625 0.0921875
1 0.4296875 0.3359375 0.0546875 0.075
0 0.1609375 0.671875 0.0171875 0.0640625
0 0.76640625 0.509375 0.1203125 0.0953125
0 0.8625 0.490625 0.053125 0.1421875