0 0.53828125 0.60078125 0.03125 0.0671875
0 0.371875 0.35390625 0.046875 0.2890625
0 0.51015625 0.49140625 0.028125 0.0390625
0 0.32890625 0.3625 0.028125 0.2609375
0 0.29609375 0.3953125 0.0375 0.184375
0 0.2359375 0.42109375 0.0265625 0.08125
0 0.26484375 0.35703125 0.0265625 0.1359375
1 0.37109375 0.1046875 0.1015625 0.209375
0 0.4296875 0.44296875 0.071875 0.1359375
0 0.24453125 0.5453125 0.05 0.015625
0 0.4890625 0.60078125 0.021875 0.0484375
0 0.353125 0.54609375 0.0109375 0.025
1 0.4578125 0.36953125 0.0640625 0.084375
1 0.48203125 0.44375 0.059375 0.0625