0 0.6125 0.2765625 0.2125 0.1828125
0 0.5578125 0.625 0.0546875 0.1078125
0 0.5484375 0.39453125 0.0515625 0.0375
0 0.2609375 0.47109375 0.03125 0.059375
0 0.3015625 0.39140625 0.0515625 0.096875
0 0.1515625 0.56328125 0.04375 0.096875
0 0.2078125 0.57421875 0.0453125 0.0765625
0 0.2203125 0.31796875 0.1203125 0.2671875
0 0.0703125 0.5375 0.140625 0.3046875
1 0.39375 0.19140625 0.225 0.3828125
1 0.0765625 0.1890625 0.153125 0.378125
1 0.21875 0.0890625 0.13125 0.178125
0 0.45390625 0.55546875 0.028125 0.0421875
0 0.490625 0.56484375 0.0296875 0.028125