1 0.60625 0.1953125 0.315625 0.271875
1 0.39296875 0.278125 0.1078125 0.125
0 0.0078125 0.41015625 0.015625 0.0296875
0 0.04453125 0.4328125 0.0109375 0.028125
0 0.71015625 0.3375 0.0203125 0.0359375
0 0.55390625 0.43125 0.0203125 0.028125
0 0.50859375 0.43359375 0.015625 0.0234375
0 0.51953125 0.3140625 0.025 0.0296875
0 0.60234375 0.31953125 0.0109375 0.015625
0 0.603125 0.496875 0.0125 0.01875
0 0.50703125 0.47109375 0.0078125 0.0109375
1 0.58984375 0.44375 0.3484375 0.2015625
1 0.8796875 0.24765625 0.240625 0.4953125
0 0.49375 0.4375 0.0125 0.015625
0 0.47109375 0.434375 0.0046875 0.0140625