0 0.25390625 0.3140625 0.01875 0.0359375
0 0.30234375 0.3671875 0.0828125 0.1
0 0.3546875 0.3765625 0.028125 0.0484375
0 0.428125 0.40625 0.025 0.03125
0 0.475 0.4859375 0.0140625 0.0296875
0 0.48984375 0.51484375 0.0125 0.0234375
0 0.51796875 0.5421875 0.0234375 0.028125
0 0.5375 0.48203125 0.03125 0.0375
0 0.70546875 0.475 0.0578125 0.1046875
0 0.7109375 0.54921875 0.0625 0.053125
0 0.62265625 0.51875 0.0421875 0.028125
0 0.67109375 0.52734375 0.0171875 0.025
0 0.65859375 0.44140625 0.0234375 0.046875
0 0.75 0.4921875 0.0359375 0.0546875
0 0.2515625 0.37421875 0.021875 0.0328125
1 0.11953125 0.2328125 0.1296875 0.1640625
1 0.209375 0.296875 0.0625 0.1703125
1 0.15 0.19609375 0.29375 0.184375
1 0.31484375 0.1578125 0.0671875 0.3046875
1 0.41484375 0.215625 0.125 0.215625
1 0.51640625 0.26796875 0.084375 0.2015625
1 0.590625 0.33125 0.0671875 0.1578125
1 0.6625 0.37109375 0.078125 0.125
1 0.53203125 0.40703125 0.0390625 0.0609375
1 0.578125 0.465625 0.0484375 0.0859375
1 0.63515625 0.49140625 0.034375 0.0359375
1 0.46796875 0.4234375 0.034375 0.0828125
1 0.50234375 0.478125 0.040625 0.059375
1 0.39296875 0.37421875 0.046875 0.090625
1 0.44609375 0.36171875 0.059375 0.0734375