0 0.253125 0.25078125 0.065625 0.1671875
0 0.19609375 0.41640625 0.0109375 0.0453125
0 0.26953125 0.378125 0.034375 0.090625
0 0.26015625 0.4703125 0.0375 0.034375
0 0.2921875 0.4609375 0.01875 0.028125
0 0.325 0.453125 0.0078125 0.040625
0 0.30078125 0.40703125 0.0265625 0.0234375
0 0.33515625 0.38203125 0.0328125 0.0453125
0 0.984375 0.440625 0.015625 0.021875
0 0.41875 0.3703125 0.06875 0.1984375
0 0.509375 0.34296875 0.103125 0.290625
0 0.46640625 0.46328125 0.0515625 0.10625
0 0.57421875 0.4484375 0.0265625 0.0640625
0 0.6328125 0.37265625 0.0265625 0.0546875
0 0.36796875 0.36953125 0.0296875 0.0671875
1 0.79765625 0.1421875 0.4046875 0.284375
1 0.29765625 0.084375 0.5953125 0.16875
1 0.171875 0.23515625 0.09375 0.1328125
1 0.33359375 0.25 0.1 0.165625
1 0.5828125 0.37890625 0.0546875 0.0828125
1 0.42109375 0.21015625 0.0734375 0.1109375