0 0.034375 0.61875 0.0390625 0.0515625
0 0.0828125 0.61015625 0.01875 0.0265625
0 0.06015625 0.621875 0.015625 0.0140625
0 0.37265625 0.6 0.0703125 0.078125
0 0.16640625 0.61953125 0.0171875 0.025
0 0.2015625 0.6171875 0.0296875 0.0484375
0 0.77578125 0.71796875 0.0921875 0.1015625
0 0.50703125 0.63984375 0.0578125 0.05625
0 0.4375 0.68203125 0.025 0.01875
0 0.4109375 0.62890625 0.028125 0.03125
0 0.44453125 0.71953125 0.046875 0.021875
1 0.425 0.2859375 0.228125 0.571875
1 0.15234375 0.29765625 0.165625 0.5953125
1 0.74375 0.3078125 0.259375 0.6140625
1 0.2734375 0.190625 0.0765625 0.38125
1 0.5765625 0.25078125 0.075 0.5015625
1 0.92265625 0.74609375 0.1078125 0.0921875
0 0.17578125 0.6546875 0.034375 0.015625