0 0.1296875 0.534375 0.1109375 0.121875
0 0.2 0.5546875 0.0359375 0.0734375
0 0.2796875 0.57421875 0.11875 0.0859375
0 0.38671875 0.596875 0.0546875 0.0484375
0 0.50390625 0.5875 0.0953125 0.075
0 0.67265625 0.50078125 0.1578125 0.0484375
0 0.40859375 0.46875 0.221875 0.046875
1 0.5609375 0.4234375 0.075 0.14375
1 0.7875 0.18046875 0.425 0.3609375
1 0.20859375 0.1828125 0.125 0.2015625
1 0.80546875 0.40625 0.040625 0.0875
1 0.06015625 0.31484375 0.1203125 0.140625
1 0.4140625 0.15078125 0.096875 0.3015625
1 0.525 0.1609375 0.0859375 0.3109375