0 0.06171875 0.546875 0.1234375 0.2671875
0 0.0625 0.74609375 0.125 0.059375
0 0.21015625 0.6484375 0.1734375 0.3296875
0 0.33203125 0.73125 0.08125 0.15625
0 0.40234375 0.7203125 0.0484375 0.1375
0 0.534375 0.58984375 0.125 0.1546875
0 0.4953125 0.8171875 0.0109375 0.021875
0 0.41328125 0.52890625 0.03125 0.0515625
0 0.45078125 0.59453125 0.034375 0.0859375
1 0.06171875 0.21953125 0.1234375 0.371875
1 0.20859375 0.39765625 0.171875 0.1765625
1 0.3359375 0.50546875 0.0796875 0.2875
1 0.41328125 0.44296875 0.0703125 0.1078125