1 0.196875 0.2296875 0.140625 0.1125
1 0.39140625 0.1671875 0.225 0.1890625
1 0.753125 0.1640625 0.4921875 0.315625
1 0.8734375 0.4609375 0.078125 0.1921875
1 0.95625 0.4015625 0.0875 0.153125
1 0.634375 0.3859375 0.08125 0.1296875
1 0.80234375 0.46875 0.1125 0.0484375
0 0.8390625 0.58359375 0.1078125 0.059375
0 0.57734375 0.4375 0.046875 0.096875
0 0.6234375 0.56953125 0.01875 0.0703125
0 0.6515625 0.60078125 0.0203125 0.0234375
0 0.6921875 0.490625 0.04375 0.0921875
0 0.72734375 0.38984375 0.046875 0.0890625
0 0.8 0.3953125 0.0734375 0.0671875