0 0.11328125 0.12265625 0.0140625 0.046875
0 0.31953125 0.446875 0.0390625 0.040625
0 0.146875 0.78984375 0.025 0.0265625
0 0.19296875 0.78203125 0.046875 0.075
0 0.23515625 0.684375 0.0234375 0.04375
0 0.2171875 0.73828125 0.025 0.01875
0 0.47109375 0.67578125 0.03125 0.0375
0 0.6484375 0.65546875 0.0171875 0.0390625
0 0.7171875 0.63515625 0.065625 0.1046875
0 0.80703125 0.61796875 0.0453125 0.1
0 0.77265625 0.63671875 0.05 0.0375
1 0.671875 0.284375 0.35 0.56875
1 0.5609375 0.59921875 0.159375 0.1140625
1 0.853125 0.60546875 0.04375 0.0609375
1 0.76484375 0.5921875 0.0359375 0.05
0 0.66171875 0.6203125 0.0421875 0.04375
1 0.16484375 0.70234375 0.059375 0.1125
1 0.25546875 0.7765625 0.059375 0.10625
1 0.13671875 0.49765625 0.1078125 0.284375