0 0.08046875 0.3578125 0.1609375 0.34375
0 0.1578125 0.51875 0.1109375 0.1234375
0 0.2265625 0.5640625 0.08125 0.1765625
0 0.31640625 0.553125 0.096875 0.1671875
0 0.40703125 0.45859375 0.090625 0.2953125
0 0.475 0.3421875 0.0703125 0.3265625
0 0.5171875 0.27890625 0.0734375 0.3734375
0 0.58515625 0.25703125 0.0609375 0.321875
0 0.675 0.33125 0.0515625 0.1
0 0.7234375 0.50859375 0.0234375 0.034375
0 0.63359375 0.22109375 0.04375 0.24375
0 0.68125 0.1765625 0.0484375 0.203125
0 0.72421875 0.15390625 0.04375 0.109375
0 0.77578125 0.11796875 0.0625 0.103125
0 0.83046875 0.0625 0.0609375 0.125
0 0.896875 0.0515625 0.071875 0.103125
0 0.965625 0.04140625 0.06875 0.0828125
0 0.3328125 0.6671875 0.0140625 0.015625
1 0.2359375 0.0859375 0.471875 0.171875
1 0.2609375 0.32421875 0.209375 0.290625
1 0.39921875 0.240625 0.0734375 0.140625
1 0.56953125 0.04921875 0.2078125 0.0984375
1 0.72578125 0.0375 0.1046875 0.075
0 0.7890625 0.0359375 0.01875 0.071875