0 0.66796875 0.5640625 0.1390625 0.128125
0 0.51015625 0.5875 0.1 0.153125
0 0.5703125 0.490625 0.0546875 0.1140625
0 0.39765625 0.6125 0.0734375 0.09375
0 0.328125 0.56328125 0.06875 0.25625
0 0.146875 0.60859375 0.0890625 0.1296875
0 0.2421875 0.62421875 0.1015625 0.1125
1 0.3953125 0.21796875 0.790625 0.4359375
1 0.89375 0.196875 0.209375 0.39375
1 0.05234375 0.571875 0.1015625 0.259375
1 0.19921875 0.49375 0.1875 0.1171875
1 0.40859375 0.4984375 0.09375 0.134375
1 0.4984375 0.4734375 0.0890625 0.071875
1 0.6921875 0.4625 0.1875 0.0625
1 0.9625 0.48984375 0.075 0.178125