0 0.7984375 0.80546875 0.184375 0.165625
0 0.81015625 0.665625 0.09375 0.09375
0 0.875 0.5078125 0.134375 0.075
0 0.675 0.41796875 0.1671875 0.1078125
0 0.5765625 0.21640625 0.0625 0.1203125
1 0.5953125 0.12578125 0.121875 0.109375
0 0.15703125 0.39453125 0.0984375 0.0546875
0 0.4265625 0.42265625 0.153125 0.09375
0 0.8328125 0.41640625 0.0796875 0.0578125
0 0.9234375 0.25078125 0.0390625 0.071875
0 0.8109375 0.36640625 0.0890625 0.046875
1 0.78359375 0.18046875 0.234375 0.3609375
1 0.359375 0.1265625 0.3578125 0.253125
1 0.6546875 0.35859375 0.190625 0.125