0 0.9390625 0.3484375 0.121875 0.1125
0 0.78046875 0.34140625 0.0515625 0.046875
0 0.43359375 0.378125 0.1234375 0.0734375
0 0.43984375 0.446875 0.021875 0.028125
0 0.4359375 0.5859375 0.1015625 0.06875
0 0.3515625 0.83046875 0.05 0.1265625
0 0.40390625 0.7109375 0.059375 0.096875
0 0.34921875 0.5296875 0.0921875 0.0625
1 0.49921875 0.13984375 0.9984375 0.2796875
0 0.39921875 0.45625 0.0484375 0.046875
1 0.05859375 0.4015625 0.1171875 0.2484375
1 0.3359375 0.390625 0.075 0.2109375
1 0.47109375 0.6546875 0.0703125 0.0703125
1 0.3390625 0.66484375 0.0703125 0.203125
1 0.165625 0.67734375 0.0875 0.25
1 0.17265625 0.46328125 0.046875 0.125
1 0.47578125 0.2125 0.1125 0.25625
1 0.453125 0.7546875 0.05 0.103125