1 0.415625 0.32421875 0.696875 0.6484375
1 0.9359375 0.72421875 0.128125 0.1984375
0 0.103125 0.771875 0.0515625 0.04375
0 0.1765625 0.70078125 0.06875 0.096875
0 0.35859375 0.69453125 0.2828125 0.15625
0 0.578125 0.7140625 0.153125 0.1171875
0 0.7078125 0.75859375 0.0921875 0.1125
0 0.8046875 0.78203125 0.059375 0.05
0 0.8609375 0.78828125 0.0140625 0.03125
0 0.915625 0.821875 0.021875 0.04375
0 0.95625 0.8296875 0.0203125 0.034375
0 0.03828125 0.75 0.0234375 0.040625
0 0.00390625 0.7421875 0.0078125 0.028125