0 0.5390625 0.5859375 0.11875 0.153125
0 0.26328125 0.646875 0.0953125 0.1546875
0 0.4359375 0.615625 0.0953125 0.215625
0 0.67421875 0.57578125 0.046875 0.11875
0 0.7125 0.5328125 0.059375 0.2078125
0 0.61953125 0.59140625 0.0421875 0.08125
0 0.36796875 0.6171875 0.0421875 0.153125
0 0.32734375 0.596875 0.0375 0.0734375
0 0.19765625 0.66953125 0.015625 0.090625
0 0.33359375 0.7109375 0.0234375 0.0328125
1 0.4984375 0.27421875 0.1296875 0.4671875
1 0.2046875 0.28046875 0.409375 0.5609375
1 0.60703125 0.25859375 0.090625 0.5171875