1 0.62578125 0.175 0.7484375 0.35
1 0.69921875 0.690625 0.3078125 0.175
1 0.9234375 0.53828125 0.153125 0.3703125
1 0.4890625 0.4921875 0.2015625 0.4109375
1 0.14375 0.30234375 0.215625 0.4625
0 0.25859375 0.78984375 0.0734375 0.0546875
1 0.1921875 0.72734375 0.228125 0.125
0 0.196875 0.63515625 0.1265625 0.153125
0 0.54453125 0.94765625 0.0203125 0.03125
0 0.67109375 0.74453125 0.0296875 0.0984375
0 0.58203125 0.84296875 0.021875 0.01875
1 0.65703125 0.46953125 0.1375 0.240625
1 0.80625 0.42734375 0.08125 0.1609375
1 0.6125 0.79765625 0.05625 0.053125
1 0.8046875 0.80703125 0.0484375 0.1171875