0 0.2546875 0.6359375 0.040625 0.1328125
0 0.315625 0.63828125 0.015625 0.128125
0 0.634375 0.64296875 0.0328125 0.1
0 0.65625 0.51015625 0.103125 0.0953125
0 0.51875 0.38125 0.0359375 0.0578125
0 0.0453125 0.6046875 0.0484375 0.046875
0 0.07109375 0.51875 0.109375 0.1640625
0 0.4515625 0.325 0.0859375 0.1546875
0 0.4515625 0.66875 0.084375 0.2296875
1 0.2125 0.20546875 0.425 0.4109375
1 0.6953125 0.134375 0.4921875 0.2671875
0 0.178125 0.45078125 0.0828125 0.040625
0 0.2796875 0.5203125 0.090625 0.046875
0 0.2796875 0.41328125 0.1015625 0.0265625
0 0.28515625 0.459375 0.0421875 0.01875
0 0.5921875 0.625 0.0359375 0.0953125
0 0.55625 0.446875 0.028125 0.0234375
1 0.7640625 0.36796875 0.3578125 0.1890625
0 0.4828125 0.49375 0.0578125 0.0578125
0 0.44921875 0.44609375 0.021875 0.0140625