0 0.25078125 0.415625 0.0390625 0.0703125
0 0.2984375 0.4390625 0.015625 0.0125
0 0.34765625 0.45234375 0.009375 0.0125
0 0.3640625 0.45859375 0.0109375 0.0171875
0 0.39296875 0.4296875 0.03125 0.096875
0 0.42578125 0.47578125 0.01875 0.0140625
1 0.8515625 0.490625 0.1859375 0.46875
1 0.07109375 0.46484375 0.1421875 0.4203125
1 0.371875 0.2296875 0.6109375 0.459375
1 0.46875 0.57421875 0.0984375 0.2203125
1 0.6390625 0.5390625 0.2421875 0.1546875
1 0.2234375 0.75234375 0.1625 0.2140625
1 0.8375 0.23203125 0.325 0.4640625
1 0.259375 0.8640625 0.15 0.1375
1 0.41328125 0.81640625 0.14375 0.0875