0 0.49609375 0.8140625 0.1421875 0.19375
0 0.7671875 0.70859375 0.04375 0.1953125
0 0.25546875 0.7828125 0.1375 0.109375
0 0.528125 0.22265625 0.3125 0.4453125
0 0.0546875 0.36796875 0.109375 0.7359375
0 0.63515625 0.76484375 0.103125 0.1640625
0 0.66796875 0.23984375 0.153125 0.13125
0 0.2421875 0.2484375 0.2609375 0.496875
0 0.0421875 0.7796875 0.0625 0.1859375
0 0.25390625 0.8984375 0.040625 0.025
0 0.39453125 0.73984375 0.028125 0.040625
0 0.2265625 0.61796875 0.2078125 0.2578125
1 0.67734375 0.0859375 0.353125 0.171875
1 0.81015625 0.29375 0.1421875 0.25625