0 0.03984375 0.78203125 0.0796875 0.2671875
0 0.13828125 0.85703125 0.1140625 0.109375
0 0.178125 0.95546875 0.028125 0.040625
0 0.27265625 0.809375 0.0734375 0.225
0 0.26796875 0.6296875 0.0375 0.053125
0 0.41953125 0.81953125 0.1265625 0.20625
0 0.4921875 0.91796875 0.0484375 0.0703125
0 0.5703125 0.78515625 0.1203125 0.28125
0 0.8453125 0.821875 0.2125 0.2515625
0 0.6875 0.8125 0.10625 0.2921875
0 0.90703125 0.62265625 0.121875 0.1140625
1 0.1375 0.63515625 0.115625 0.33125
1 0.415625 0.55859375 0.1328125 0.3125
1 0.65703125 0.31796875 0.3 0.6359375
1 0.26328125 0.48984375 0.1109375 0.41875