1 0.146875 0.40625 0.29375 0.8125
1 0.41640625 0.34453125 0.2515625 0.6890625
1 0.59609375 0.296875 0.1046875 0.59375
1 0.68203125 0.275 0.0578125 0.55
1 0.83046875 0.22890625 0.2390625 0.4578125
0 0.74140625 0.53359375 0.0546875 0.153125
0 0.1578125 0.925 0.05625 0.0828125
0 0.07109375 0.90078125 0.0984375 0.084375
0 0.16484375 0.84296875 0.0703125 0.0453125
0 0.21640625 0.80546875 0.021875 0.0421875
0 0.28125 0.78203125 0.0875 0.053125
0 0.365625 0.77265625 0.025 0.0234375
0 0.55234375 0.71015625 0.0640625 0.0609375
0 0.6375 0.60078125 0.0546875 0.1375
0 0.690625 0.56875 0.046875 0.0703125