0 0.825 0.8234375 0.1546875 0.1125
0 0.6421875 0.8640625 0.0640625 0.1640625
0 0.70078125 0.8078125 0.034375 0.0484375
0 0.678125 0.73125 0.0984375 0.065625
0 0.4625 0.64140625 0.25 0.165625
0 0.1984375 0.66171875 0.396875 0.671875
0 0.46484375 0.896875 0.15 0.08125
0 0.42890625 0.96640625 0.125 0.0671875
1 0.5265625 0.3109375 0.2203125 0.3328125
1 0.69921875 0.2984375 0.0890625 0.190625
1 0.87109375 0.71875 0.096875 0.0890625
1 0.68671875 0.67734375 0.078125 0.0546875
1 0.81328125 0.5921875 0.1265625 0.14375