0 0.259375 0.47578125 0.3390625 0.140625
0 0.58203125 0.39375 0.303125 0.259375
0 0.1375 0.34765625 0.1296875 0.08125
0 0.2484375 0.32109375 0.0921875 0.115625
0 0.35859375 0.3234375 0.140625 0.090625
0 0.49609375 0.24921875 0.2796875 0.034375
0 0.86875 0.284375 0.2625 0.2015625
0 0.89921875 0.45234375 0.2015625 0.05625
1 0.6046875 0.08515625 0.209375 0.1703125
1 0.73515625 0.2015625 0.1515625 0.215625
1 0.38046875 0.20859375 0.125 0.13125
1 0.93359375 0.12890625 0.1328125 0.2578125
1 0.765625 0.09296875 0.1921875 0.1859375