0 0.578125 0.09609375 0.1296875 0.171875
0 0.8296875 0.271875 0.1515625 0.2578125
0 0.64609375 0.49609375 0.1828125 0.25
0 0.8578125 0.4859375 0.0421875 0.1046875
0 0.278125 0.69765625 0.01875 0.0546875
0 0.3375 0.76484375 0.0265625 0.096875
0 0.26640625 0.5171875 0.01875 0.1078125
0 0.2921875 0.33828125 0.0359375 0.028125
0 0.37265625 0.32890625 0.021875 0.0578125
0 0.29609375 0.51171875 0.01875 0.071875
0 0.53671875 0.38359375 0.03125 0.0625
0 0.4796875 0.41640625 0.015625 0.09375
0 0.28046875 0.39453125 0.0125 0.0421875
1 0.33203125 0.1703125 0.4046875 0.3390625
1 0.75625 0.11171875 0.234375 0.2234375
0 0.80078125 0.83125 0.040625 0.1171875
0 0.89296875 0.81328125 0.01875 0.0640625
0 0.8515625 0.63046875 0.028125 0.0890625
0 0.8984375 0.7234375 0.0171875 0.0484375