0 0.5265625 0.15234375 0.034375 0.05625
0 0.86953125 0.07734375 0.0625 0.0421875
0 0.96796875 0.05859375 0.0515625 0.0703125
0 0.38671875 0.31875 0.021875 0.0375
0 0.425 0.28046875 0.0328125 0.05
0 0.4859375 0.23671875 0.0515625 0.09375
0 0.2984375 0.3859375 0.0734375 0.0953125
0 0.18125 0.40703125 0.040625 0.0734375
1 0.25234375 0.11015625 0.5046875 0.2203125
1 0.2078125 0.2703125 0.353125 0.1
1 0.67265625 0.0625 0.33125 0.125
1 0.6078125 0.184375 0.1265625 0.121875
1 0.8890625 0.03125 0.1015625 0.0625
1 0.19609375 0.35234375 0.2140625 0.059375
0 0.359375 0.3515625 0.0359375 0.0359375
0 0.24453125 0.409375 0.0265625 0.065625