0 0.64296875 0.04609375 0.03125 0.0921875
0 0.36328125 0.96171875 0.015625 0.0765625
0 0.5515625 0.48828125 0.0234375 0.065625
0 0.553125 0.6375 0.01875 0.078125
0 0.5109375 0.471875 0.0171875 0.0828125
0 0.51015625 0.63046875 0.01875 0.06875
0 0.78515625 0.5390625 0.0203125 0.0609375
0 0.81875 0.76171875 0.040625 0.1203125
0 0.821875 0.8875 0.01875 0.1109375
0 0.55390625 0.9484375 0.0125 0.0625
0 0.596875 0.96328125 0.0265625 0.0734375
0 0.78828125 0.703125 0.0140625 0.071875
0 0.8671875 0.728125 0.0140625 0.04375
1 0.30546875 0.5 0.2875 1
1 0.71484375 0.20234375 0.421875 0.4046875
1 0.6765625 0.7 0.20625 0.6
1 0.88203125 0.56015625 0.0859375 0.240625
1 0.8625 0.92265625 0.078125 0.1546875
0 0.596875 0.5234375 0.0078125 0.0453125
0 0.25703125 0.3046875 0.0234375 0.0484375
0 0.59609375 0.66328125 0.028125 0.059375
0 0.46015625 0.9453125 0.01875 0.06875
0 0.4015625 0.97421875 0.01875 0.05
0 0.79375 0.909375 0.0234375 0.0578125
0 0.8359375 0.38125 0.0171875 0.021875
0 0.4609375 0.6375 0.021875 0.0625
0 0.74921875 0.24140625 0.0125 0.065625
1 0.4640625 0.50078125 0.1609375 0.4609375
1 0.53828125 0.8265625 0.0734375 0.178125