1 0.11875 0.353125 0.1640625 0.70625
1 0.8265625 0.4421875 0.1625 0.7296875
1 0.6890625 0.53828125 0.10625 0.3203125
1 0.2828125 0.465625 0.165625 0.425
1 0.58203125 0.2109375 0.31875 0.221875
1 0.44375 0.73125 0.0921875 0.1515625
0 0.07421875 0.878125 0.059375 0.1015625
0 0.184375 0.8 0.159375 0.2453125
0 0.29296875 0.87109375 0.059375 0.0734375
0 0.38515625 0.8609375 0.0453125 0.0390625
0 0.53828125 0.84140625 0.04375 0.0453125
0 0.6140625 0.81796875 0.059375 0.0953125
0 0.7234375 0.83046875 0.0546875 0.0875
0 0.85390625 0.8203125 0.05625 0.04375
0 0.46953125 0.86328125 0.05 0.04375
0 0.83046875 0.87265625 0.090625 0.0234375
0 0.89296875 0.85546875 0.0703125 0.05