1 0.22890625 0.93828125 0.09375 0.0921875
1 0.10390625 0.94765625 0.1203125 0.1015625
1 0.36328125 0.9359375 0.059375 0.128125
1 0.396875 0.48125 0.2078125 0.3484375
1 0.34140625 0.1515625 0.1234375 0.303125
1 0.234375 0.51796875 0.115625 0.1953125
1 0.03515625 0.60078125 0.0671875 0.1328125
0 0.9375 0.8078125 0.125 0.38125
0 0.75859375 0.7828125 0.1578125 0.434375
0 0.85859375 0.9390625 0.1078125 0.121875
0 0.83515625 0.328125 0.028125 0.053125
0 0.7953125 0.4796875 0.009375 0.028125
0 0.81484375 0.48359375 0.009375 0.0234375
0 0.81171875 0.55703125 0.0078125 0.0203125
0 0.10390625 0.68984375 0.2078125 0.4359375
0 0.57890625 0.76640625 0.20625 0.4671875
0 0.3859375 0.79296875 0.178125 0.371875
0 0.25 0.7640625 0.090625 0.2875
0 0.146875 0.41015625 0.021875 0.04375
0 0.19140625 0.9890625 0.021875 0.021875
0 0.1640625 0.95703125 0.040625 0.0796875
0 0.04453125 0.95859375 0.0125 0.0203125
0 0.83828125 0.6859375 0.065625 0.1015625
0 0.29375 0.978125 0.046875 0.04375
1 0.1015625 0.365625 0.15 0.215625