0 0.55234375 0.62578125 0.034375 0.109375
0 0.5796875 0.6734375 0.0203125 0.025
0 0.48515625 0.6390625 0.0078125 0.059375
0 0.5046875 0.6546875 0.0140625 0.0265625
0 0.45859375 0.634375 0.0078125 0.0546875
0 0.6640625 0.6328125 0.090625 0.1625
0 0.98984375 0.73515625 0.0203125 0.0828125
0 0.86484375 0.65625 0.0625 0.2140625
0 0.68515625 0.2734375 0.190625 0.546875
0 0.8046875 0.05 0.10625 0.1
0 0.8 0.39296875 0.0890625 0.33125
0 0.8 0.65078125 0.05 0.19375
0 0.74453125 0.63984375 0.059375 0.1953125
1 0.928125 0.21328125 0.14375 0.4265625
1 0.96640625 0.56484375 0.0671875 0.25625