0 0.3453125 0.83359375 0.171875 0.25625
0 0.39296875 0.45546875 0.24375 0.5078125
0 0.65546875 0.6359375 0.196875 0.4546875
0 0.646875 0.203125 0.153125 0.40625
0 0.8796875 0.39921875 0.0859375 0.3109375
0 0.90078125 0.75703125 0.1046875 0.128125
0 0.8265625 0.115625 0.0765625 0.23125
0 0.93359375 0.034375 0.1328125 0.06875
0 0.9390625 0.175 0.0515625 0.1375
0 0.75390625 0.10078125 0.0734375 0.2015625
0 0.12265625 0.93984375 0.0671875 0.1203125
0 0.05546875 0.66171875 0.1109375 0.3984375
0 0.1234375 0.52421875 0.103125 0.3234375
1 0.87265625 0.1890625 0.075 0.115625
1 0.3953125 0.19921875 0.0671875 0.0890625
1 0.221875 0.04921875 0.0375 0.0984375
1 0.29140625 0.01953125 0.0671875 0.0390625
1 0.0984375 0.209375 0.0734375 0.1875
1 0.0671875 0.38046875 0.13125 0.1484375
1 0.2484375 0.2828125 0.06875 0.1703125
1 0.48203125 0.1390625 0.0578125 0.1015625
1 0.8875 0.07421875 0.053125 0.109375
1 0.78203125 0.0890625 0.0515625 0.10625
1 0.6265625 0.0359375 0.109375 0.071875
1 0.0171875 0.175 0.034375 0.1625
0 0.81328125 0.2359375 0.040625 0.1703125
0 0.95859375 0.6359375 0.0828125 0.31875
0 0.01640625 0.4171875 0.0265625 0.146875
0 0.2078125 0.02734375 0.0171875 0.0546875
0 0.459375 0.07109375 0.0109375 0.1421875
0 0.18046875 0.4171875 0.0703125 0.2703125
0 0.2421875 0.3546875 0.0609375 0.0921875