0 0.08828125 0.4140625 0.1765625 0.7140625
0 0.28515625 0.56796875 0.225 0.4359375
0 0.215625 0.19453125 0.0828125 0.2078125
0 0.646875 0.190625 0.2671875 0.38125
0 0.86640625 0.84453125 0.15 0.18125
0 0.75234375 0.53515625 0.08125 0.43125
0 0.85625 0.54921875 0.128125 0.40625
0 0.57109375 0.79375 0.140625 0.140625
0 0.67890625 0.74765625 0.0328125 0.0328125
0 0.7203125 0.7859375 0.0234375 0.0171875
0 0.66015625 0.80859375 0.015625 0.0140625
0 0.384375 0.94921875 0.03125 0.034375
0 0.7265625 0.91953125 0.059375 0.0765625
0 0.425 0.04921875 0.0140625 0.0265625
0 0.29375 0.09453125 0.0796875 0.034375
0 0.96875 0.90703125 0.0625 0.0515625
0 0.96015625 0.7765625 0.0265625 0.0359375
1 0.3453125 0.34375 0.1 0.165625