0 0.8171875 0.42265625 0.1265625 0.196875
0 0.6234375 0.7390625 0.184375 0.090625
0 0.83125 0.7171875 0.0359375 0.0421875
0 0.9296875 0.70859375 0.0265625 0.028125
0 0.94296875 0.38046875 0.1125 0.3015625
0 0.14609375 0.43046875 0.15625 0.2109375
0 0.2421875 0.31484375 0.125 0.1609375
0 0.0359375 0.6859375 0.0671875 0.0953125
0 0.26171875 0.64453125 0.05625 0.109375
0 0.33359375 0.41875 0.0546875 0.134375
0 0.46171875 0.46328125 0.19375 0.2296875
0 0.665625 0.4796875 0.059375 0.078125
0 0.5484375 0.17734375 0.159375 0.29375
0 0.33984375 0.20546875 0.046875 0.11875
0 0.37890625 0.30859375 0.1453125 0.084375
0 0.4421875 0.225 0.0078125 0.1140625
0 0.47421875 0.14921875 0.0796875 0.0453125
0 0.53359375 0.66015625 0.0265625 0.01875
0 0.58046875 0.48203125 0.0421875 0.215625
0 0.37734375 0.7 0.0703125 0.0484375
0 0.34296875 0.55078125 0.0546875 0.0734375
0 0.2765625 0.4375 0.0140625 0.03125
0 0.7296875 0.3140625 0.0609375 0.1375
0 0.64140625 0.60078125 0.0734375 0.18125
0 0.43671875 0.609375 0.0734375 0.0765625
0 0.35 0.60625 0.059375 0.0203125
0 0.30625 0.7328125 0.0234375 0.0203125
0 0.290625 0.16328125 0.009375 0.034375
0 0.01796875 0.5828125 0.0359375 0.10625
1 0.74609375 0.63515625 0.13125 0.23125
1 0.08828125 0.15859375 0.1765625 0.3171875
1 0.03359375 0.42109375 0.0671875 0.2203125
1 0.23671875 0.11484375 0.115625 0.2296875
1 0.66484375 0.240625 0.0671875 0.1734375
1 0.87421875 0.61015625 0.1234375 0.16875