0 0.731114834375 0.3701923078125 0.7551443203125 0.528846153125 0.771964959375 0.478365384375 0.7671590625 0.1923076921875 0.7863826484375 0.1490384609375 0.77677085625 0.1394230765625 0.781576753125 0.05048076875 0.7527413703125 0.0048076921875 0.7455325234375 0.021634615625 0.6662352265625 0.028846153125000003 0.6547100359375 0.0168269234375 0.63499689375 0.11778846093749999 0.6205792046874999 0.3365384609375 0.630190996875 0.38701923125 0.59654971875 0.42548076874999996 0.591743821875 0.49759615312500005 0.6950706062500001 0.45673076874999996 0.719100090625 0.51201923125 0.731114834375 0.3701923078125
0 0.9828125 0.27265625 0.0296875 0.1734375
0 0.928125 0.29296875 0.0265625 0.21875
0 0.8921875 0.3140625 0.0390625 0.271875
0 0.8109375 0.31640625 0.0484375 0.396875
0 0.8609375 0.40625 0.034375 0.1765625
0 0.625 0.44140625 0.053125 0.10625
0 0.524602615625 1 0.5653113890625 0.9615384609375001 0.5773261328125 0.6610576921875 0.5773261328125 0.596153846875 0.59895266875 0.533653846875 0.603758565625 0.4759615390625 0.5701172859375 0.372596153125 0.54849075 0.26923076875 0.5340730578125 0.20913461562500002 0.5653113890625 0.13701923124999998 0.562908440625 0.12019230781250001 0.5028347281250001 0.1081730765625 0.4403580671875 0.05048076875 0.43795512031249995 0.05048076875 0.43115234375 0.052884615625 0.3971049953125 0.1081730765625 0.3562548703125 0.11298076875 0.3538519234375 0.19951923124999998 0.284166415625 0.1947115390625 0.27936051875 0.23317307656250003 0.33943423125 0.2644230765625 0.315404746875 0.2884615390625 0.3178076953125 0.41105769218750005 0.334628334375 0.47115384687499995 0.363463715625 0.55048076875 0.38028435625 0.6081730765625 0.3130017984375 0.6730769234375 0.315404746875 0.8894230765625 0.33222538749999997 0.8990384609375001 0.34664307656250004 0.9134615390624999 0.34664307656250004 0.997596153125 0.434350696875 1 0.524602615625 1
0 0.6421875 0.53359375 0.0390625 0.0390625
0 0.72890625 0.540625 0.0390625 0.053125
0 0.7296875 0.5453125 0.0453125 0.0578125
0 0.731114834375 0.7259615390625 0.7503384234375 0.6875 0.690264709375 0.6394230765625 0.62778805 0.564903846875 0.5845349765625001 0.5456730765625 0.5749231828125 0.5985576921875 0.5946138828125 0.596153846875 0.731114834375 0.7259615390625
0 0.1736307859375 0.67548076875 0.24091334375 0.747596153125 0.2216897546875 0.6201923078125 0.20967501406250003 0.5865384609375 0.20038311250000002 0.58173076875 0.192854375 0.627403846875 0.1736307859375 0.67548076875
0 0.88125 0.08671875 0.075 0.1734375
0 0.70078125 0.009375 0.0890625 0.01875
0 0.959375 0.11875 0.0765625 0.1421875