0 0.50625 0.31640625 0.040625 0.0578125
0 0.81640625 0.38671875 0.075 0.0875
0 0.525 0.4125 0.075 0.1015625
0 0.1109375 0.43359375 0.0328125 0.1765625
0 0.771875 0.44140625 0.03125 0.053125
0 0.084375 0.4578125 0.0453125 0.0453125
0 0.603125 0.57578125 0.053125 0.0703125
0 0.40390625 0.72109375 0.084375 0.1109375
0 0.98671875 0.734375 0.025 0.0765625
0 0.975 0.8171875 0.0171875 0.071875
0 0.42578125 0.8171875 0.0265625 0.065625
0 0.4828125 0.92578125 0.15 0.146875
0 0.75859375 0.11640625 0.0234375 0.0390625