0 0.9375 0.27890625 0.0265625 0.0234375
0 0.6921875 0.3765625 0.0265625 0.1234375
0 0.75 0.4234375 0.0875 0.353125
0 0.8640625 0.42890625 0.0828125 0.2640625
0 0.9125 0.4375 0.0265625 0.115625
0 0.59375 0.4640625 0.1078125 0.196875
0 0.80859375 0.47734375 0.0265625 0.0984375
0 0.67890625 0.5015625 0.059375 0.0609375
0 0.50234375 0.50234375 0.0515625 0.0703125
0 0.5609375 0.51328125 0.0265625 0.0390625
0 0.796875 0.65 0.0140625 0.05625
0 0.665625 0.67421875 0.0203125 0.0875
0 0.740625 0.6765625 0.021875 0.0625
0 0.4796875 0.7015625 0.0140625 0.0265625
0 0.69140625 0.75703125 0.0515625 0.0453125
0 0.73671875 0.76171875 0.021875 0.0609375