0 0.040625 0.8125 0.08125 0.0875
0 0.53125 0.71796875 0.028125 0.0359375
0 0.871875 0.7265625 0.0765625 0.05
0 0.6296875 0.7015625 0.1046875 0.0390625
0 0.446875 0.196875 0.165625 0.39375
0 0.63046875 0.153125 0.13125 0.2875
0 0.6515625 0.31875 0.2828125 0.18125
0 0.86171875 0.32578125 0.1453125 0.2046875
0 0.73515625 0.69375 0.090625 0.0359375
0 0.30859375 0.34375 0.121875 0.1015625
0 0.06875 0.3640625 0.1234375 0.234375
0 0.20078125 0.33515625 0.140625 0.21875
1 0.31875 0.14453125 0.1015625 0.2890625
1 0.771875 0.11484375 0.1484375 0.2296875
1 0.9640625 0.3234375 0.0671875 0.2
1 0.49375 0.5125 0.225 0.14375
1 0.35078125 0.69765625 0.0953125 0.1375
1 0.225 0.1515625 0.0828125 0.1421875
1 0.7921875 0.53671875 0.0125 0.0484375