0 0.3484375 0.30234375 0.0734375 0.334375
0 0.459375 0.4328125 0.040625 0.1703125
0 0.49140625 0.45390625 0.0203125 0.065625
0 0.50234375 0.5328125 0.0125 0.0421875
0 0.6078125 0.2828125 0.125 0.196875
0 0.50546875 0.2296875 0.084375 0.090625
0 0.7625 0.36171875 0.1265625 0.1265625
1 0.69296875 0.09296875 0.6140625 0.1859375
1 0.78828125 0.24140625 0.2765625 0.109375
1 0.6 0.46328125 0.2109375 0.16875
1 0.79296875 0.4703125 0.1765625 0.10625
1 0.41328125 0.309375 0.053125 0.2328125
1 0.48671875 0.29609375 0.1015625 0.090625
1 0.51171875 0.378125 0.065625 0.075