1 0.42890625 0.4046875 0.04375 0.1359375
1 0.53671875 0.23984375 0.128125 0.4796875
1 0.4390625 0.16640625 0.065625 0.3328125
1 0.31875 0.0625 0.1734375 0.125
1 0.05859375 0.1796875 0.1171875 0.359375
1 0.14765625 0.0546875 0.0734375 0.109375
1 0.209375 0.02890625 0.0484375 0.0578125
1 0.678125 0.1484375 0.153125 0.2453125
0 0.53984375 0.55546875 0.1375 0.153125
0 0.67890625 0.60390625 0.015625 0.04375
0 0.30546875 0.45234375 0.0171875 0.0234375
0 0.37265625 0.45546875 0.0078125 0.0140625
0 0.43984375 0.528125 0.0625 0.1203125
0 0.44765625 0.64296875 0.0296875 0.046875
0 0.3609375 0.5765625 0.0171875 0.0328125
0 0.29765625 0.5640625 0.025 0.0203125
0 0.634375 0.60859375 0.0234375 0.0515625
0 0.6671875 0.3859375 0.00625 0.028125
0 0.7203125 0.38515625 0.0140625 0.03125
0 0.721875 0.3390625 0.0046875 0.0125
0 0.7453125 0.33515625 0.009375 0.0375
0 0.78125 0.5265625 0.0109375 0.0359375
0 0.7828125 0.6 0.0125 0.034375
0 0.75703125 0.5984375 0.0109375 0.03125
0 0.75078125 0.4609375 0.0125 0.0390625
0 0.721875 0.45546875 0.0125 0.040625
0 0.77578125 0.403125 0.0109375 0.0359375
0 0.77265625 0.34140625 0.009375 0.0359375
0 0.7484375 0.39765625 0.0109375 0.0390625
0 0.778125 0.465625 0.0109375 0.0375
0 0.725 0.53203125 0.009375 0.015625
0 0.7546875 0.53203125 0.0109375 0.0203125
0 0.75234375 0.50703125 0.009375 0.00625
0 0.7234375 0.503125 0.009375 0.00625
0 0.23203125 0.5859375 0.0109375 0.0140625
0 0.0703125 0.59453125 0.0171875 0.0375
0 0.5296875 0.6609375 0.0234375 0.0109375