0 0.15859375 0.59921875 0.0546875 0.0296875
0 0.2203125 0.596875 0.0171875 0.0265625
0 0.4578125 0.7609375 0.0109375 0.0109375
0 0.48984375 0.76328125 0.0421875 0.01875
0 0.6515625 0.77734375 0.01875 0.0109375
0 0.68671875 0.78359375 0.0125 0.0125
0 0.5890625 0.775 0.01875 0.0125
0 0.26953125 0.63515625 0.021875 0.0296875
0 0.34921875 0.5375 0.140625 0.1578125
0 0.46875 0.56953125 0.05625 0.1140625
0 0.29296875 0.65390625 0.0359375 0.071875
1 0.0890625 0.4609375 0.178125 0.1734375
1 0.2359375 0.32109375 0.1234375 0.4578125
1 0.4140625 0.27734375 0.2375 0.4125
1 0.4984375 0.51015625 0.15 0.190625
1 0.265625 0.575 0.0625 0.0421875