0 0.3296875 0.83203125 0.31875 0.0796875
0 0.54375 0.85703125 0.0171875 0.0296875
0 0.64609375 0.7390625 0.096875 0.0671875
0 0.66640625 0.27734375 0.1421875 0.2515625
0 0.7125 0.52109375 0.134375 0.1546875
0 0.453125 0.7359375 0.0859375 0.046875
0 0.3125 0.74765625 0.096875 0.0796875
0 0.153125 0.78125 0.0375 0.03125
0 0.4875 0.6375 0.0859375 0.0890625
0 0.553125 0.3078125 0.0875 0.146875
1 0.93203125 0.565625 0.1359375 0.5890625
1 0.32734375 0.68203125 0.378125 0.2765625
1 0.12890625 0.47734375 0.253125 0.6703125
1 0.67578125 0.26953125 0.6484375 0.5390625
1 0.68671875 0.70390625 0.3484375 0.328125