0 0.75703125 0.05390625 0.0796875 0.1078125
0 0.75859375 0.1828125 0.1265625 0.10625
0 0.56015625 0.32421875 0.04375 0.08125
0 0.4828125 0.61875 0.0640625 0.13125
0 0.5125 0.56484375 0.046875 0.090625
0 0.328125 0.503125 0.05625 0.171875
0 0.4265625 0.465625 0.190625 0.2171875
0 0.69140625 0.02578125 0.0359375 0.0515625
1 0.2703125 0.171875 0.540625 0.34375
1 0.6140625 0.1453125 0.1484375 0.290625
1 0.64375 0.3953125 0.121875 0.2328125
1 0.134375 0.425 0.1046875 0.1671875
1 0.2796875 0.3984375 0.103125 0.1390625
1 0.54921875 0.425 0.0671875 0.13125