1 0.69140625 0.346875 0.0703125 0.1859375
1 0.8546875 0.36328125 0.090625 0.1734375
1 0.8421875 0.1234375 0.315625 0.246875
1 0.23515625 0.1125 0.4703125 0.225
1 0.57109375 0.08828125 0.221875 0.1765625
1 0.29609375 0.28671875 0.10625 0.1296875
1 0.5 0.67109375 0.103125 0.1296875
0 0.54921875 0.384375 0.0984375 0.171875
0 0.10703125 0.3296875 0.2140625 0.359375
0 0.05 0.62265625 0.1 0.159375
0 0.15625 0.61796875 0.10625 0.1625
0 0.9375 0.5078125 0.125 0.378125
0 0.93203125 0.21640625 0.0921875 0.1453125
0 0.76171875 0.509375 0.2171875 0.396875
0 0.475 0.259375 0.03125 0.0515625
0 0.49453125 0.44140625 0.1609375 0.23125
0 0.2796875 0.4 0.1328125 0.1875
0 0.51171875 0.1921875 0.04375 0.053125