0 0.51484375 0.81953125 0.0765625 0.109375
0 0.5 0.72265625 0.0625 0.0796875
0 0.446875 0.859375 0.04375 0.040625
1 0.4953125 0.2296875 0.478125 0.4515625
1 0.79921875 0.09921875 0.1328125 0.1953125
1 0.4203125 0.58359375 0.121875 0.2671875
1 0.55234375 0.51953125 0.1421875 0.121875
1 0.65 0.80859375 0.0484375 0.1015625
1 0.4484375 0.80234375 0.05625 0.0734375
1 0.415625 0.85625 0.0171875 0.040625
1 0.55 0.63203125 0.1046875 0.1015625
1 0.5734375 0.7109375 0.078125 0.0515625
1 0.7609375 0.79375 0.075 0.0890625