0 0.42265625 0.53515625 0.0140625 0.06875
0 0.41015625 0.65546875 0.028125 0.0578125
0 0.4203125 0.709375 0.0171875 0.0484375
0 0.6421875 0.646875 0.1140625 0.109375
0 0.9140625 0.74765625 0.109375 0.2125
0 0.70703125 0.40703125 0.096875 0.175
0 0.95625 0.54375 0.0875 0.071875
1 0.8765625 0.25 0.246875 0.5
1 0.53984375 0.25234375 0.2453125 0.4953125
1 0.70703125 0.15859375 0.09375 0.3171875
1 0.778125 0.62734375 0.2171875 0.2546875
1 0.62421875 0.54609375 0.0984375 0.1
1 0.45859375 0.578125 0.0671875 0.1546875
1 0.52578125 0.65859375 0.0671875 0.121875