1 0.3109375 0.159375 0.278125 0.31875
1 0.29453125 0.61171875 0.2828125 0.1796875
1 0.34921875 0.41796875 0.171875 0.1984375
1 0.5234375 0.50703125 0.0953125 0.3703125
1 0.59375 0.15859375 0.2375 0.3171875
1 0.3140625 0.86796875 0.065625 0.040625
1 0.32421875 0.7984375 0.0453125 0.09375
1 0.4046875 0.71953125 0.115625 0.10625
1 0.43671875 0.86875 0.04375 0.028125
0 0.378125 0.82421875 0.078125 0.125
0 0.34375 0.721875 0.0140625 0.0140625
0 0.390625 0.746875 0.0375 0.0203125
0 0.48515625 0.8109375 0.0453125 0.146875
0 0.4421875 0.82109375 0.04375 0.0203125
0 0.47265625 0.67890625 0.0171875 0.03125
0 0.49375 0.6859375 0.025 0.0109375
0 0.46171875 0.26015625 0.0234375 0.115625
0 0.4640625 0.43203125 0.05625 0.221875
0 0.49375 0.60546875 0.0140625 0.0203125
1 0.61640625 0.45234375 0.0890625 0.24375
0 0.6046875 0.80078125 0.0203125 0.046875
0 0.64921875 0.8296875 0.015625 0.0359375
0 0.6875 0.87421875 0.0171875 0.0265625
0 0.26953125 0.7859375 0.0078125 0.0171875
0 0.25625 0.86875 0.009375 0.0328125
0 0.27734375 0.8765625 0.0203125 0.0078125
0 0.28984375 0.8609375 0.0046875 0.009375
0 0.21640625 0.82734375 0.0078125 0.0140625
0 0.4640625 0.55859375 0.0578125 0.0328125
0 0.6953125 0.76640625 0.065625 0.0359375
0 0.69453125 0.81484375 0.0203125 0.0625