0 0.60703125 0.4296875 0.2046875 0.1703125
0 0.4890625 0.759375 0.0953125 0.05
0 0.725 0.71171875 0.0203125 0.03125
0 0.534375 0.68671875 0.0453125 0.0484375
0 0.60078125 0.70078125 0.028125 0.0359375
0 0.30390625 0.69765625 0.025 0.028125
0 0.33046875 0.72421875 0.028125 0.0265625
0 0.353125 0.7390625 0.021875 0.0203125
0 0.37109375 0.6609375 0.0140625 0.0546875
0 0.4125 0.69765625 0.0484375 0.053125
0 0.33828125 0.43984375 0.1390625 0.29375
0 0.45625 0.3703125 0.096875 0.1875
0 0.44609375 0.59453125 0.0375 0.1015625
0 0.58046875 0.546875 0.05 0.059375
0 0.48515625 0.6 0.034375 0.1296875
0 0.62578125 0.55703125 0.0265625 0.04375
1 0.50625 0.17265625 0.15 0.3453125
1 0.3875 0.15546875 0.0890625 0.15625
1 0.6984375 0.3125 0.0671875 0.20625
0 0.52890625 0.5953125 0.0390625 0.11875
0 0.31015625 0.60546875 0.0140625 0.0546875
0 0.35546875 0.60703125 0.009375 0.065625
0 0.37578125 0.73125 0.0171875 0.046875