0 0.31640625 0.4890625 0.3234375 0.434375
0 0.24609375 0.24296875 0.0921875 0.059375
0 0.43515625 0.22734375 0.0921875 0.0484375
0 0.69609375 0.4703125 0.3265625 0.45
0 0.6125 0.98125 0.059375 0.0375
0 0.78203125 0.978125 0.071875 0.04375
0 0.8203125 0.22890625 0.065625 0.034375
1 0.28046875 0.86953125 0.3546875 0.2609375
1 0.6 0.83984375 0.134375 0.2328125
1 0.11015625 0.40703125 0.0984375 0.340625
1 0.43828125 0.103125 0.29375 0.20625
1 0.76875 0.0328125 0.196875 0.065625
1 0.05234375 0.92890625 0.096875 0.1421875