0 0.3625 0.55546875 0.0125 0.128125
0 0.2765625 0.7203125 0.025 0.0234375
0 0.4390625 0.73671875 0.0140625 0.0125
0 0.5875 0.5984375 0.1 0.171875
0 0.559375 0.45 0.0078125 0.0375
0 0.60859375 0.47265625 0.0078125 0.0203125
0 0.65234375 0.51328125 0.0171875 0.0921875
0 0.40234375 0.540625 0.05 0.0515625
0 0.4125 0.62890625 0.01875 0.025
0 0.74140625 0.7015625 0.03125 0.0265625
0 0.803125 0.68671875 0.0296875 0.03125
0 0.8203125 0.603125 0.0453125 0.0921875
0 0.8734375 0.5640625 0.03125 0.1984375
0 0.8609375 0.65 0.0375 0.0265625
0 0.8390625 0.675 0.0078125 0.0078125
0 0.90859375 0.675 0.0671875 0.0234375
0 0.9046875 0.44921875 0.025 0.028125
0 0.7328125 0.55703125 0.015625 0.0109375
0 0.759375 0.53046875 0.00625 0.0125
0 0.7421875 0.5359375 0.0046875 0.0078125
0 0.3734375 0.7328125 0.0140625 0.009375
0 0.93984375 0.55234375 0.015625 0.01875
0 0.89375 0.53515625 0.0078125 0.0703125
1 0.575 0.4171875 0.0546875 0.1296875
0 0.97109375 0.6765625 0.015625 0.0171875
0 0.8609375 0.68125 0.0125 0.028125
0 0.8375 0.6984375 0.00625 0.0078125