1 0.815625 0.3703125 0.3671875 0.740625
1 0.1109375 0.28671875 0.221875 0.5734375
1 0.309375 0.27578125 0.1734375 0.5515625
1 0.5421875 0.2828125 0.171875 0.565625
1 0.42578125 0.1703125 0.0625 0.340625
1 0.90234375 0.83984375 0.0796875 0.1875
0 0.409375 0.46875 0.09375 0.259375
0 0.2359375 0.56328125 0.046875 0.0234375
0 0.315625 0.578125 0.0390625 0.0265625
0 0.5234375 0.68203125 0.2078125 0.2265625
0 0.790625 0.8234375 0.0640625 0.084375
0 0.47265625 0.81640625 0.0421875 0.0109375
0 0.54921875 0.8203125 0.0140625 0.0140625
0 0.609375 0.840625 0.01875 0.053125
0 0.6890625 0.8453125 0.0171875 0.05
0 0.73203125 0.85546875 0.0171875 0.025
0 0.64375 0.72734375 0.0203125 0.0359375
0 0.78203125 0.73203125 0.0234375 0.0125
0 0.840625 0.83046875 0.0234375 0.046875
0 0.83125 0.7890625 0.0109375 0.015625
0 0.8625 0.77421875 0.0078125 0.0171875
0 0.52109375 0.79375 0.0109375 0.0234375
0 0.5921875 0.7984375 0.0046875 0.0203125
1 0.76953125 0.753125 0.184375 0.028125