0 0.4671875 0.646875 0.065625 0.2828125
0 0.4234375 0.79765625 0.015625 0.065625
0 0.603125 0.26953125 0.196875 0.21875
0 0.615625 0.43125 0.06875 0.103125
0 0.66015625 0.43984375 0.0328125 0.0640625
0 0.61953125 0.5796875 0.040625 0.146875
0 0.5640625 0.74453125 0.1484375 0.0875
0 0.553125 0.8765625 0.0328125 0.0796875
0 0.615625 0.86875 0.0328125 0.05625
0 0.56015625 0.63671875 0.078125 0.0328125
0 0.53828125 0.57265625 0.075 0.0421875
0 0.53671875 0.51640625 0.0734375 0.028125
0 0.50078125 0.459375 0.0203125 0.04375
0 0.553125 0.45078125 0.084375 0.025
0 0.496875 0.38828125 0.0125 0.0171875
1 0.3390625 0.19140625 0.3265625 0.3828125
1 0.6890625 0.078125 0.375 0.15625
1 0.42578125 0.44375 0.1390625 0.115625
1 0.46875 0.8703125 0.121875 0.15625
1 0.74140625 0.24375 0.0828125 0.171875
0 0.63203125 0.69453125 0.0203125 0.040625
0 0.6484375 0.50234375 0.0265625 0.034375
1 0.4140625 0.6171875 0.0390625 0.2390625