1 0.1625 0.215625 0.325 0.43125
1 0.5375 0.29296875 0.2109375 0.2140625
0 0.19296875 0.41171875 0.1671875 0.1140625
0 0.24921875 0.2328125 0.0546875 0.0453125
0 0.34140625 0.2875 0.1453125 0.1171875
0 0.2328125 0.29453125 0.0234375 0.0734375
0 0.2921875 0.390625 0.03125 0.021875
0 0.396875 0.40703125 0.065625 0.1828125
0 0.34765625 0.4234375 0.0171875 0.0109375
0 0.30625 0.3546875 0.0203125 0.0140625
0 0.70625 0.3953125 0.06875 0.0546875
0 0.5921875 0.4171875 0.125 0.05625
0 0.5703125 0.4625 0.1078125 0.034375
0 0.69921875 0.44375 0.146875 0.0296875
0 0.6203125 0.5234375 0.0421875 0.09375
0 0.75234375 0.51328125 0.0734375 0.1140625
0 0.48046875 0.40390625 0.0296875 0.0546875
0 0.51015625 0.42578125 0.040625 0.0515625
0 0.9609375 0.51484375 0.078125 0.159375
0 0.90234375 0.42578125 0.0140625 0.0171875
0 0.95625 0.42265625 0.071875 0.015625
0 0.9828125 0.3140625 0.034375 0.103125
0 0.8484375 0.39375 0.0125 0.01875
1 0.8625 0.29765625 0.2078125 0.1734375
1 0.4828125 0.53671875 0.1015625 0.1265625
1 0.66171875 0.1140625 0.6765625 0.228125
1 0.69921875 0.3 0.115625 0.14375
1 0.078125 0.49375 0.0890625 0.0390625