0 0.45625 0.20546875 0.1265625 0.2453125
0 0.2125 0.55546875 0.0890625 0.1015625
0 0.303125 0.5625 0.028125 0.05
0 0.37734375 0.61171875 0.0703125 0.059375
0 0.36484375 0.28359375 0.0421875 0.1125
0 0.46328125 0.36328125 0.028125 0.0296875
0 0.0265625 0.25625 0.053125 0.103125
0 0.15234375 0.25390625 0.0171875 0.03125
0 0.9390625 0.115625 0.0265625 0.0578125
0 0.97890625 0.05078125 0.0421875 0.1015625
0 0.64140625 0.37265625 0.0265625 0.0265625
1 0.1953125 0.11171875 0.390625 0.2234375
1 0.45703125 0.04453125 0.1328125 0.0890625
1 0.64609375 0.115625 0.2578125 0.23125