0 0.11328125 0.65625 0.2265625 0.2625
0 0.0953125 0.92265625 0.028125 0.0890625
0 0.0421875 0.2609375 0.084375 0.0921875
0 0.15859375 0.26640625 0.128125 0.084375
0 0.146875 0.203125 0.1625 0.0359375
0 0.03515625 0.115625 0.06875 0.075
0 0.009375 0.18828125 0.0171875 0.040625
0 0.03828125 0.18203125 0.0140625 0.0234375
0 0.228125 0.0953125 0.0609375 0.0609375
0 0.45 0.07265625 0.26875 0.1453125
0 0.3171875 0.409375 0.153125 0.4484375
0 0.6953125 0.43203125 0.2453125 0.5609375
0 0.90859375 0.284375 0.1828125 0.2375
0 0.88203125 0.54453125 0.090625 0.2578125
0 0.975 0.56171875 0.05 0.2984375
0 0.68203125 0.07734375 0.2 0.1546875
0 0.8921875 0.0875 0.215625 0.171875
1 0.2921875 0.0609375 0.0734375 0.121875
0 0.10703125 0.11796875 0.034375 0.0453125