0 0.71171875 0.359375 0.1625 0.203125
0 0.70234375 0.57734375 0.0265625 0.0703125
0 0.69453125 0.496875 0.028125 0.046875
0 0.734375 0.546875 0.0359375 0.1515625
0 0.55 0.54765625 0.075 0.1578125
0 0.57265625 0.34140625 0.0359375 0.1078125
0 0.52578125 0.3546875 0.0359375 0.059375
0 0.32890625 0.29375 0.1765625 0.209375
0 0.409375 0.16640625 0.0859375 0.20625
0 0.5171875 0.15234375 0.0203125 0.0875
0 0.55546875 0.1890625 0.0234375 0.03125
0 0.4984375 0.2859375 0.0234375 0.015625
0 0.5234375 0.28984375 0.0125 0.0140625
0 0.53828125 0.29375 0.0109375 0.0125
0 0.1421875 0.4578125 0.025 0.0875
0 0.140625 0.37734375 0.046875 0.071875
0 0.4640625 0.03671875 0.028125 0.0203125
0 0.54453125 0.04140625 0.0984375 0.071875
1 0.2546875 0.1375 0.228125 0.175
1 0.35078125 0.05546875 0.1984375 0.1109375
1 0.6109375 0.37421875 0.0359375 0.0859375
1 0.66484375 0.55234375 0.0484375 0.171875
1 0.7953125 0.58515625 0.0875 0.1296875
1 0.9046875 0.675 0.121875 0.05
1 0.6453125 0.04609375 0.103125 0.0921875
1 0.33203125 0.56015625 0.0359375 0.134375
1 0.48984375 0.58203125 0.0484375 0.10625
1 0.2875 0.55 0.04375 0.125
1 0.07265625 0.609375 0.109375 0.1390625
0 0.54140625 0.8953125 0.015625 0.0375
1 0.8609375 0.453125 0.096875 0.115625