0 0.87109375 0.37109375 0.040625 0.025
0 0.50625 0.25078125 0.1953125 0.2265625
0 0.61953125 0.3453125 0.0375 0.0375
0 0.68671875 0.35390625 0.03125 0.0234375
0 0.46484375 0.0859375 0.0484375 0.1015625
0 0.36875 0.2953125 0.0796875 0.134375
0 0.0796875 0.2796875 0.01875 0.0484375
0 0.1234375 0.37734375 0.0125 0.0125
0 0.08203125 0.3390625 0.00625 0.015625
0 0.128125 0.66484375 0.0046875 0.009375
0 0.12421875 0.80546875 0.00625 0.0125
1 0.25078125 0.06953125 0.378125 0.1390625
1 0.23828125 0.22421875 0.190625 0.171875
1 0.36875 0.1859375 0.0765625 0.0875
1 0.65390625 0.075 0.3203125 0.1421875
1 0.7234375 0.23671875 0.2375 0.1875
1 0.76484375 0.35703125 0.11875 0.05
1 0.896875 0.309375 0.0984375 0.0953125
1 0.9546875 0.13203125 0.090625 0.2640625