0 0.528125 0.43828125 0.165625 0.334375
0 0.8734375 0.5390625 0.0984375 0.1359375
0 0.7140625 0.496875 0.1171875 0.0515625
0 0.7546875 0.60703125 0.03125 0.0546875
0 0.7453125 0.34921875 0.0578125 0.2265625
0 0.8609375 0.35078125 0.0453125 0.0921875
0 0.93203125 0.309375 0.04375 0.0921875
0 0.99453125 0.3953125 0.0109375 0.15
0 0.93359375 0.45 0.0421875 0.078125
0 0.8859375 0.28046875 0.046875 0.1203125
0 0.89296875 0.43828125 0.0390625 0.05
1 0.146875 0.203125 0.29375 0.40625
1 0.5421875 0.13359375 0.384375 0.2671875
1 0.6484375 0.36953125 0.1375 0.203125
1 0.25859375 0.6109375 0.209375 0.271875
1 0.240625 0.8171875 0.096875 0.1328125
1 0.0359375 0.5546875 0.0703125 0.10625
1 0.8421875 0.44609375 0.0640625 0.0984375
1 0.828125 0.30625 0.0421875 0.1890625