1 0.1921875 0.2359375 0.384375 0.471875
1 0.0296875 0.51875 0.059375 0.0921875
1 0.115625 0.4921875 0.06875 0.040625
1 0.4265625 0.40234375 0.0625 0.1109375
1 0.41875 0.10703125 0.0765625 0.2140625
1 0.434375 0.31640625 0.0546875 0.059375
1 0.275 0.5296875 0.0609375 0.059375
1 0.52421875 0.534375 0.0578125 0.059375
1 0.43203125 0.53515625 0.046875 0.0453125
1 0.3375 0.521875 0.04375 0.0421875
1 0.49921875 0.43203125 0.0328125 0.0765625
0 0.1453125 0.63359375 0.1140625 0.0390625
0 0.08203125 0.571875 0.1640625 0.08125
0 0.1265625 0.51015625 0.1375 0.1109375
0 0.34296875 0.45390625 0.303125 0.1203125
0 0.359375 0.340625 0.0296875 0.0859375
0 0.4 0.2484375 0.053125 0.2390625
0 0.46796875 0.35625 0.059375 0.0453125
0 0.23125 0.5328125 0.0484375 0.0265625
0 0.28515625 0.57265625 0.15625 0.0859375
0 0.38671875 0.56484375 0.0484375 0.1296875
0 0.47734375 0.57109375 0.06875 0.140625
0 0.4265625 0.59296875 0.034375 0.0734375
0 0.59296875 0.63828125 0.05 0.04375
0 0.53984375 0.58515625 0.0546875 0.0671875
0 0.04375 0.4765625 0.0125 0.021875