0 0.46875 0.3875 0.0390625 0.096875
0 0.45625 0.18203125 0.0671875 0.153125
0 0.5375 0.17265625 0.096875 0.165625
0 0.7171875 0.471875 0.0875 0.309375
0 0.528125 0.38671875 0.053125 0.1265625
0 0.1453125 0.76953125 0.009375 0.0140625
1 0.14375 0.67890625 0.2875 0.6421875
1 0.05 0.178125 0.1 0.35625
1 0.25625 0.28203125 0.159375 0.1609375
1 0.31953125 0.10234375 0.225 0.2046875
1 0.79453125 0.12421875 0.4109375 0.2484375
1 0.8375 0.35390625 0.1609375 0.2125
1 0.684375 0.2828125 0.14375 0.06875
1 0.51015625 0.0515625 0.1578125 0.103125
1 0.61875 0.47265625 0.1125 0.171875