0 0.18359375 0.309375 0.084375 0.2046875
0 0.67578125 0.22578125 0.1015625 0.24375
0 0.375 0.559375 0.028125 0.175
0 0.4453125 0.303125 0.3578125 0.28125
0 0.7578125 0.30859375 0.0640625 0.10625
0 0.690625 0.41875 0.1296875 0.134375
0 0.21953125 0.4640625 0.05625 0.046875
0 0.6546875 0.56484375 0.0609375 0.0671875
0 0.58671875 0.5765625 0.0140625 0.0421875
0 0.684375 0.66015625 0.0234375 0.0234375
1 0.265625 0.65703125 0.2515625 0.0609375
1 0.30703125 0.1703125 0.184375 0.28125
1 0.45546875 0.5578125 0.1359375 0.1484375
1 0.2375 0.53671875 0.2484375 0.1765625