0 0.2984375 0.6765625 0.009375 0.0515625
0 0.3515625 0.678125 0.0140625 0.046875
0 0.29921875 0.5859375 0.0125 0.0453125
0 0.35234375 0.58671875 0.0140625 0.04375
0 0.40703125 0.5875 0.0140625 0.046875
0 0.35859375 0.53515625 0.13125 0.05
0 0.503125 0.55390625 0.1046875 0.115625
0 0.49140625 0.36640625 0.1609375 0.2890625
0 0.58984375 0.57109375 0.0390625 0.0796875
0 0.59921875 0.453125 0.040625 0.1703125
1 0.34765625 0.25390625 0.1265625 0.5078125
1 0.43359375 0.20390625 0.05 0.4078125
1 0.58359375 0.1765625 0.25 0.353125