0 0.6703125 0.396875 0.046875 0.2046875
0 0.73125 0.30390625 0.0296875 0.0859375
0 0.7359375 0.43671875 0.0203125 0.103125
0 0.7640625 0.43046875 0.01875 0.1125
0 0.76796875 0.5984375 0.025 0.1125
0 0.80078125 0.590625 0.01875 0.115625
0 0.875 0.50078125 0.0328125 0.0375
0 0.8625 0.59140625 0.015625 0.084375
0 0.9140625 0.5015625 0.0296875 0.040625
0 0.94609375 0.53984375 0.0109375 0.065625
0 0.96875 0.62109375 0.00625 0.10625
0 0.83828125 0.5890625 0.015625 0.071875
0 0.58125 0.58359375 0.0203125 0.2515625