0 0.065625 0.6453125 0.09375 0.253125
0 0.22265625 0.71875 0.1421875 0.26875
0 0.23046875 0.39921875 0.1109375 0.1796875
0 0.30703125 0.2046875 0.1265625 0.190625
0 0.4578125 0.0875 0.15625 0.16875
0 0.4328125 0.54921875 0.071875 0.4546875
0 0.6921875 0.55078125 0.05 0.6390625
0 0.81640625 0.68984375 0.0859375 0.3734375
0 0.93828125 0.81484375 0.1015625 0.2140625
0 0.953125 0.54921875 0.09375 0.2453125
1 0.86171875 0.14140625 0.2421875 0.2046875
1 0.80546875 0.36953125 0.1546875 0.2109375
1 0.56015625 0.33046875 0.1796875 0.3046875
1 0.08359375 0.18671875 0.1671875 0.3265625
1 0.17578125 0.13359375 0.0984375 0.2640625
0 0.50625 0.61640625 0.9875 0.5296875