0 0.6234375 0.17109375 0.0578125 0.3328125
0 0.38203125 0.465625 0.046875 0.41875
0 0.04609375 0.42890625 0.08125 0.1296875
0 0.14609375 0.48515625 0.028125 0.103125
0 0.03515625 0.9375 0.0703125 0.125
0 0.0828125 0.6875 0.034375 0.059375
0 0.46953125 0.8453125 0.2984375 0.309375
0 0.9390625 0.73046875 0.0609375 0.3328125
0 0.26328125 0.11484375 0.0375 0.1734375
0 0.49921875 0.44375 0.05625 0.15
0 0.69609375 0.5953125 0.0578125 0.0859375
0 0.6546875 0.6828125 0.0203125 0.0765625
0 0.7046875 0.8546875 0.09375 0.0859375