0 0.69609375 0.49296875 0.5921875 0.984375
0 0.23046875 0.85546875 0.0640625 0.1125
0 0.50234375 0.95625 0.0765625 0.0828125
0 0.6890625 0.846875 0.1171875 0.2078125
0 0.83828125 0.77265625 0.1 0.1765625
0 0.27109375 0.165625 0.0625 0.0640625
0 0.3109375 0.36015625 0.04375 0.10625
0 0.290625 0.68515625 0.053125 0.0828125
0 0.0859375 0.6765625 0.103125 0.1328125
0 0.1328125 0.87109375 0.084375 0.078125
0 0.5953125 0.6359375 0.0859375 0.15625
0 0.92421875 0.59140625 0.14375 0.1484375
1 0.70703125 0.25703125 0.5671875 0.434375
0 0.19765625 0.6359375 0.125 0.16875
0 0.3359375 0.8609375 0.134375 0.1875
0 0.1265625 0.15 0.0328125 0.071875