0 0.475 0.84296875 0.04375 0.1015625
0 0.56640625 0.84375 0.0953125 0.109375
0 0.66015625 0.82578125 0.0828125 0.0625
0 0.72265625 0.87890625 0.109375 0.109375
0 0.065625 0.6859375 0.0140625 0.0234375
0 0.084375 0.6828125 0.0125 0.03125
0 0.04140625 0.68359375 0.009375 0.0171875
0 0.009375 0.68671875 0.01875 0.01875
0 0.09765625 0.68515625 0.0078125 0.0265625
0 0.1296875 0.68359375 0.015625 0.025
0 0.2265625 0.68359375 0.028125 0.0359375
0 0.253125 0.68515625 0.01875 0.0328125
0 0.328125 0.6828125 0.028125 0.03125
0 0.35390625 0.684375 0.01875 0.03125
0 0.40546875 0.6890625 0.0125 0.0265625
0 0.4296875 0.69296875 0.0171875 0.0328125
0 0.46875 0.6984375 0.0109375 0.0203125
0 0.50390625 0.69921875 0.009375 0.025
0 0.54296875 0.7 0.0359375 0.03125
0 0.57265625 0.69765625 0.01875 0.0328125
0 0.62421875 0.72421875 0.0390625 0.0890625
0 0.67265625 0.74765625 0.0234375 0.0546875
0 0.7109375 0.73046875 0.0265625 0.0625
0 0.7640625 0.7171875 0.065625 0.0453125
0 0.8140625 0.71015625 0.0171875 0.0234375
0 0.834375 0.7078125 0.0140625 0.03125
0 0.83203125 0.73984375 0.0234375 0.01875
0 0.915625 0.70390625 0.0203125 0.0234375
0 0.9890625 0.73046875 0.021875 0.040625