0 0.53046875 0.28828125 0.25 0.5125
0 0.2875 0.8296875 0.1296875 0.04375
0 0.70625 0.82421875 0.1296875 0.103125
0 0.95390625 0.7890625 0.0375 0.0875
0 0.84296875 0.81953125 0.109375 0.0890625
0 0.49140625 0.8625 0.03125 0.0375
0 0.3515625 0.659375 0.0828125 0.10625
0 0.4484375 0.62578125 0.0453125 0.0859375
0 0.10390625 0.68671875 0.065625 0.0546875
0 0.05234375 0.64453125 0.034375 0.0375
0 0.05546875 0.79140625 0.0171875 0.075
0 0.18046875 0.67890625 0.0375 0.0578125
1 0.5 0.31796875 1 0.6359375
1 0.50625 0.89296875 0.9875 0.096875
1 0.72421875 0.7375 0.5515625 0.196875