0 0.68984375 0.28671875 0.04375 0.1625
0 0.36953125 0.40546875 0.0671875 0.15
0 0.01875 0.4953125 0.0375 0.1484375
0 0.0703125 0.74921875 0.05 0.109375
0 0.16953125 0.8296875 0.0765625 0.103125
0 0.2421875 0.915625 0.059375 0.16875
0 0.68671875 0.9421875 0.0984375 0.115625
0 0.8640625 0.7890625 0.075 0.165625
0 0.9359375 0.7640625 0.04375 0.0625
0 0.37734375 0.65390625 0.046875 0.346875
0 0.7625 0.96484375 0.0625 0.0703125
1 1 0 0 0.0014302078125 0 0.2602974828125 0.033759590625 0.251716246875 0.144245525 0.3561212828125 0.1841432234375 0.2445652171875 0.221994884375 0.2545766578125 0.231202046875 0.3632723125 0.2670076734375 0.39616704999999997 0.298721228125 0.35469107499999997 0.3202046046875 0.2831807796875 0.3181585671875 0.23169336562499998 0.349872121875 0.2674485125 0.3621483359375 0.3132151015625 0.411253196875 0.3217963390625 0.46547314531249995 0.27889016093749996 0.49104859218749997 0.2631578953125 0.49923273593750006 0.32036613125 0.516624040625 0.32894736875 0.545268540625 0.27030892500000003 0.5565217390625 0.24742562812500002 0.5595907921875 0.3375286046875 0.5728900265625 0.38329519375 0.6005115078125 0.42477116718749997 0.6281329921875 0.4133295203125 0.6690537078125 0.314645309375 0.68849105 0.3275171609375 0.7447570328124999 0.40188787187499997 0.8286445015625 0.499141875 0.8971867015624999 0.5506292890625 1 0.6321510296875 1 0
1 0.7774936078125 0.5878146453124999 0.714066496875 0.5849542328124999 0.6854219953125 0.5935354703125 0.68746803125 0.6135583515625 0.721227621875 0.7880434765625 0.781585678125 0.7193935921875 0.8593350375 0.7065217406250001 0.918670078125 0.7179633875 0.9892583125 0.6822082375 0.9759590796875001 0.6321510296875 0.8460358046875 0.606407321875 0.7774936078125 0.5878146453124999