0 0.6859375 0.52109375 0.0359375 0.18125
0 0.8140625 0.6203125 0.05625 0.121875
0 0.6828125 0.7265625 0.0359375 0.065625
0 0.571875 0.85078125 0.0265625 0.0265625
0 0.5125 0.878125 0.0390625 0.040625
0 0.484375 0.85078125 0.01875 0.034375
0 0.46015625 0.94140625 0.0328125 0.0515625
0 0.42578125 0.92578125 0.01875 0.034375
0 0.39296875 0.35859375 0.0078125 0.0921875
0 0.41953125 0.51796875 0.021875 0.0359375
0 0.3125 0.50703125 0.021875 0.115625
0 0.021875 0.54296875 0.0140625 0.04375
0 0.0375 0.4859375 0.0125 0.04375
0 0.32265625 0.65859375 0.040625 0.0859375
0 0.78671875 0.203125 0.0078125 0.0359375
0 0.74140625 0.3828125 0.028125 0.0515625
0 0.97421875 0.525 0.0265625 0.0296875
0 0.69765625 0.39765625 0.015625 0.0171875
0 0.55390625 0.33828125 0.0234375 0.0265625
0 0.54140625 0.421875 0.0125 0.0265625
0 0.74765625 0.72265625 0.0234375 0.0421875
0 0.7234375 0.65625 0.0234375 0.0171875
0 0.7796875 0.65625 0.01875 0.0265625
0 0.74609375 0.6046875 0.0171875 0.01875