0 0.04921875 0.1984375 0.0890625 0.0375
0 0.296875 0.22265625 0.0671875 0.0484375
0 0.4109375 0.09609375 0.0671875 0.084375
0 0.43828125 0.153125 0.0484375 0.0296875
0 0.596875 0.2359375 0.071875 0.0625
0 0.51796875 0.275 0.0515625 0.0328125
0 0.6046875 0.19375 0.03125 0.0390625
0 0.59453125 0.15625 0.0359375 0.0390625
0 0.66171875 0.1796875 0.03125 0.046875
0 0.74140625 0.21328125 0.0734375 0.0359375
0 0.9953125 0.3265625 0.009375 0.05
0 0.94921875 0.2703125 0.025 0.0296875
0 0.88828125 0.2578125 0.03125 0.0421875
0 0.83203125 0.25078125 0.028125 0.0359375
0 0.09609375 0.259375 0.028125 0.0296875
0 0.8375 0.48671875 0.03125 0.04375
0 0.95625 0.48125 0.0875 0.0859375