0 0.3390625 0.40546875 0.0921875 0.0671875
0 0.60625 0.78125 0.296875 0.2265625
0 0.3375 0.8515625 0.103125 0.059375
0 0.41015625 0.9734375 0.109375 0.053125
0 0.12421875 0.83359375 0.18125 0.1421875
0 0.88515625 0.66796875 0.0171875 0.05625
0 0.83203125 0.71015625 0.028125 0.115625
0 0.60546875 0.4734375 0.0984375 0.05625
0 0.503125 0.44609375 0.053125 0.06875
0 0.0484375 0.3703125 0.05625 0.1046875
0 0.2546875 0.3984375 0.046875 0.028125
0 0.18125 0.38515625 0.05 0.034375
1 0.04296875 0.16796875 0.0859375 0.3359375