0 0.7021484375 0.41324736250000005 0.783203125 0.47186400937500006 0.7939453125 0.47039859375 0.712890625 0.39566236875 0.7021484375 0.41324736250000005
0 0.224609375 0.561254396875 0.2236328125 0.6008206328125001 0.216796875 0.64771395 0.203125 0.66969519375 0.23296611875 0.6850880328125 0.2509765625 0.6125439625 0.2353515625 0.5627198124999999 0.2607421875 0.49824149999999995 0.2646484375 0.4762602578125 0.2890625 0.4161781953125 0.330078125 0.38100820625 0.3330078125 0.3531652984375 0.279296875 0.4088511140625 0.2529296875 0.49970691718750004 0.224609375 0.561254396875
0 0.5166015625 0.58030480625 0.5087890625 0.561254396875 0.3984375 0.6755568578125 0.4091796875 0.6902110203125 0.484375 0.6066822984375 0.419921875 0.6931418515625001 0.44140625 0.69460726875 0.5166015625 0.58030480625
0 0.6220703125 0.8338218046874999 0.6435546875 0.8220984765624999 0.8056640625 0.6491793671874999 0.8408203125 0.5773739734375 0.83984375 0.54513481875 0.8203125 0.5597889796875 0.8076171875 0.6066822984375 0.779296875 0.653575615625 0.6103515625 0.8235638921874999 0.6220703125 0.8338218046874999
0 0.74765625 0.79921875 0.1359375 0.0609375
1 0.3720703125 0.6755568578125 0.40625 0.6828839390625 0.427734375 0.6814185234375 0.44140625 0.6872801875000001 0.451171875 0.6755568578125 0.505859375 0.663833528125 0.6845703125 0.44548651875 0.80078125 0.4747948421875 0.63671875 0.6799531062499999 0.677734375 0.728311840625 0.775390625 0.6506447828125 0.84375 0.5466002343749999 0.880859375 0.58030480625 0.9912109375 0.521688159375 1 0.08059788906250001 0.9892578125 0.076201640625 0.939453125 0.07033997656249999 0.9345703125 0.0117233296875 0.7138671875 0.0058616640625 0.69140625 0.0219812421875 0.6875 0.1201641265625 0.6513671875 0.1963657671875 0.591796875 0.23153575625 0.51953125 0.11723329375 0.4296875 0.0131887453125 0.3193359375 0.026377490625 0.2080078125 0.11283704531250001 0.078125 0.17584994062499998 0.0205078125 0.3531652984375 0.0986328125 0.7400351703125 0.1533203125 0.589097303125 0.193359375 0.5817702234375 0.2314453125 0.6506447828125 0.2685546875 0.64478311875 0.30078125 0.653575615625 0.3310546875 0.663833528125 0.3720703125 0.6755568578125
0 0.66015625 0.46875 0.046875 0.0421875
0 0.4203125 0.42265625 0.0109375 0.034375
0 0.33359375 0.4078125 0.028125 0.021875
0 0.31171875 0.490625 0.015625 0.0390625
0 0.29453125 0.4453125 0.028125 0.0328125
0 0.24765625 0.53828125 0.01875 0.0390625
0 0.41015625 0.365625 0.0234375 0.025
0 0.4515625 0.39296875 0.0171875 0.0296875
0 0.5609375 0.40078125 0.03125 0.034375
0 0.53984375 0.45703125 0.0171875 0.0328125
0 0.51953125 0.4828125 0.0234375 0.040625
0 0.559375 0.58828125 0.03125 0.0484375
0 0.57578125 0.515625 0.0171875 0.0421875
0 0.73671875 0.61796875 0.015625 0.03125
0 0.58125 0.48671875 0.015625 0.0390625