0 0.59609375 0.73828125 0.04375 0.11875
0 0.371875 0.27265625 0.028125 0.059375
0 0.459375 0.371875 0.065625 0.1546875
0 0.6359375 0.528125 0.16875 0.1859375
1 0.16484375 0.20390625 0.3296875 0.4078125
0 0.4640625 0.209375 0.0625 0.0859375
0 0.40859375 0.84921875 0.0390625 0.05625
0 0.09453125 0.74765625 0.0625 0.040625
0 0.11484375 0.82421875 0.0453125 0.05625
0 0.01484375 0.8515625 0.0296875 0.0578125
0 0.44765625 0.71796875 0.0484375 0.0609375
0 0.56015625 0.7828125 0.0421875 0.0953125
0 0.72578125 0.64375 0.046875 0.0984375
0 0.6828125 0.69375 0.03125 0.0875
1 0.2265625 0.58359375 0.2265625 0.2703125
1 0.3625 0.62109375 0.0875 0.2453125
1 0.35859375 0.39609375 0.109375 0.1484375