0 0.23125 0.60859375 0.19375 0.2296875
0 0.47734375 0.5734375 0.11875 0.225
0 0.37265625 0.59453125 0.090625 0.3015625
0 0.6359375 0.68125 0.16875 0.1484375
0 0.690625 0.54765625 0.0671875 0.1390625
0 0.42734375 0.615625 0.5828125 0.259375
1 0.95546875 0.28125 0.0890625 0.365625
1 0.81328125 0.3328125 0.1046875 0.3015625
0 0.88671875 0.828125 0.0984375 0.1703125
0 0.7703125 0.95390625 0.1078125 0.0921875
0 0.6796875 0.80546875 0.246875 0.0921875
0 0.2875 0.5390625 0.071875 0.0765625
1 0.8453125 0.6515625 0.090625 0.171875