0 0.3640625 0.35546875 0.2328125 0.225
0 0.034375 0.67734375 0.06875 0.2140625
0 0.3390625 0.62109375 0.4265625 0.3046875
0 0.76484375 0.6953125 0.3578125 0.153125
0 0.79609375 0.865625 0.375 0.0625
0 0.05234375 0.89375 0.0984375 0.0484375
1 0.54453125 0.12109375 0.9109375 0.2421875
1 0.13828125 0.35 0.275 0.228125
1 0.73125 0.29765625 0.496875 0.10625
1 0.59765625 0.41015625 0.2421875 0.1203125
1 0.5 0.95078125 1 0.0984375
1 0.3859375 0.84453125 0.44375 0.1171875
1 0.7609375 0.77109375 0.4171875 0.1203125