0 0.0609375 0.44453125 0.11875 0.08125
0 0.13046875 0.53984375 0.134375 0.09375
0 0.2203125 0.5953125 0.01875 0.025
0 0.2546875 0.58125 0.0390625 0.0296875
0 0.4125 0.6109375 0.1265625 0.065625
0 0.5140625 0.6453125 0.0609375 0.0703125
0 0.57890625 0.69140625 0.059375 0.0625
0 0.62734375 0.71875 0.0203125 0.034375
0 0.6578125 0.57890625 0.5640625 0.0859375
0 0.6859375 0.73984375 0.0171875 0.015625
0 0.78046875 0.72421875 0.028125 0.0234375
0 0.6453125 0.4984375 0.03125 0.021875
0 0.48984375 0.5140625 0.0765625 0.03125
0 0.86953125 0.7140625 0.0296875 0.0203125
1 0.54609375 0.35234375 0.9046875 0.2703125
1 0.26796875 0.515625 0.1328125 0.0796875
1 0.8046875 0.66015625 0.390625 0.08125
1 0.8328125 0.5140625 0.334375 0.046875