0 0.25546875 0.834375 0.2203125 0.0640625
0 0.13046875 0.73046875 0.06875 0.059375
0 0.16953125 0.57421875 0.0484375 0.1375
0 0.05703125 0.52578125 0.05625 0.1171875
0 0.6578125 0.915625 0.0515625 0.0859375
0 0.28984375 0.6828125 0.03125 0.084375
0 0.39921875 0.6734375 0.1203125 0.1
0 0.42109375 0.76953125 0.059375 0.1015625
0 0.57734375 0.5921875 0.046875 0.1125
0 0.72109375 0.64375 0.046875 0.046875
0 0.88828125 0.68203125 0.08125 0.0546875
0 0.92578125 0.56015625 0.053125 0.1421875
0 0.7625 0.28671875 0.0703125 0.2125
0 0.43046875 0.16015625 0.16875 0.3203125
0 0.26171875 0.165625 0.1078125 0.2265625
0 0.50703125 0.79296875 0.146875 0.253125
0 0.39609375 0.8671875 0.0703125 0.103125
0 0.5625 0.35625 0.0875 0.1828125