1 0.690625 0.6484375 0.246875 0.4734375
1 0.2546875 0.65078125 0.509375 0.4296875
1 0.5 0.5609375 1 0.4734375
0 0.31796875 0.865625 0.6359375 0.1890625
0 0.70859375 0.8578125 0.2296875 0.2265625
0 0.940625 0.69765625 0.11875 0.6046875
0 0.06875 0.35234375 0.1375 0.0859375
0 0.33671875 0.6171875 0.1171875 0.0609375
0 0.12265625 0.5796875 0.040625 0.0375
0 0.04765625 0.61015625 0.0953125 0.0421875
0 0.19765625 0.6734375 0.05625 0.034375
0 0.39375 0.696875 0.0765625 0.046875
0 0.3984375 0.4015625 0.0546875 0.065625
0 0.47109375 0.56953125 0.075 0.08125
0 0.2421875 0.4859375 0.015625 0.0296875
0 0.23359375 0.57265625 0.040625 0.0125