0 0.153125 0.7453125 0.0765625 0.125
0 0.409375 0.72734375 0.1578125 0.234375
0 0.5484375 0.7421875 0.1203125 0.209375
0 0.746875 0.93671875 0.221875 0.1265625
0 0.91171875 0.80546875 0.1765625 0.134375
0 0.80390625 0.6390625 0.353125 0.203125
1 0.5 0.265625 1 0.53125
1 0.315625 0.584375 0.63125 0.1046875
1 0.23671875 0.86015625 0.2671875 0.103125
1 0.05625 0.77109375 0.1125 0.2703125
1 0.2609375 0.721875 0.1359375 0.175
1 0.50390625 0.9046875 0.2625 0.1171875
1 0.715625 0.80703125 0.2125 0.1265625