1 0.6046875 0.2328125 0.0515625 0.21875
0 0.6703125 0.23984375 0.075 0.2375
0 0.3328125 0.27265625 0.128125 0.2828125
0 0.80546875 0.334375 0.0796875 0.1484375
1 0.49140625 0.33515625 0.1828125 0.165625
1 0.4 0.459375 0.1 0.0875
0 0.34296875 0.56953125 0.109375 0.1328125
0 0.76015625 0.61015625 0.0984375 0.2953125
1 0.4640625 0.6359375 0.125 0.2578125
0 0.771875 0.07421875 0.0828125 0.14375
0 0.67109375 0.8046875 0.0765625 0.2578125
0 0.29921875 0.8671875 0.1359375 0.2015625
0 0.04296875 0.88359375 0.0859375 0.2328125
0 0.4015625 0.90859375 0.0640625 0.153125
0 0.1984375 0.9203125 0.065625 0.159375
0 0.821875 0.9765625 0.0734375 0.046875