1 0.6171875 0.20546875 0.1984375 0.3578125
1 0.8984375 0.215625 0.203125 0.39375
0 0.790625 0.609375 0.0328125 0.090625
0 0.4328125 0.4890625 0.121875 0.1921875
0 0.57734375 0.525 0.0234375 0.0578125
0 0.61328125 0.584375 0.04375 0.0796875
0 0.67734375 0.6359375 0.0609375 0.096875
0 0.86171875 0.7671875 0.01875 0.0890625
0 0.94296875 0.5546875 0.0421875 0.0625
0 0.73828125 0.42265625 0.0296875 0.078125
0 0.803125 0.9546875 0.03125 0.053125
1 0.63125 0.8125 0.2828125 0.2796875
1 0.81484375 0.78515625 0.0703125 0.2203125
1 0.9265625 0.8953125 0.1015625 0.1625
1 0.65 0.46015625 0.090625 0.1578125
1 0.72421875 0.51953125 0.046875 0.0828125
1 0.46015625 0.2734375 0.1125 0.178125