0 0.21875 0.7953125 0.10625 0.1234375
0 0.36171875 0.8953125 0.1828125 0.10625
0 0.48828125 0.92265625 0.021875 0.01875
0 0.28671875 0.67265625 0.0671875 0.1203125
0 0.36015625 0.59765625 0.078125 0.065625
0 0.44921875 0.5578125 0.0921875 0.1015625
0 0.53515625 0.4578125 0.1703125 0.1015625
0 0.56015625 0.36640625 0.1109375 0.071875
0 0.61484375 0.31640625 0.090625 0.040625
0 0.415625 0.17421875 0.11875 0.05625
0 0.30625 0.13671875 0.084375 0.075
0 0.53203125 0.06640625 0.0984375 0.0578125
0 0.615625 0.08125 0.0359375 0.034375
0 0.46171875 0.24296875 0.06875 0.065625
0 0.8015625 0.07109375 0.0625 0.01875
0 0.8828125 0.07890625 0.05625 0.028125
0 0.9796875 0.084375 0.040625 0.01875
1 0.753125 0.20546875 0.49375 0.1890625
1 0.83203125 0.3796875 0.3359375 0.16875
1 0.859375 0.521875 0.278125 0.10625
1 0.8859375 0.6984375 0.228125 0.2453125
1 0.62890625 0.78515625 0.2734375 0.23125
1 0.67265625 0.95390625 0.075 0.0921875
1 0.13828125 0.175 0.228125 0.35
1 0.35234375 0.3484375 0.1859375 0.3078125
1 0.13359375 0.540625 0.2265625 0.3625
1 0.3265625 0.5359375 0.1625 0.0625