1 0.62578125 0.57421875 0.384375 0.44375
1 0.8296875 0.24453125 0.340625 0.4890625
1 0.18984375 0.2421875 0.3796875 0.484375
1 0.4359375 0.1296875 0.125 0.259375
0 0.4 0.6765625 0.075 0.075
0 0.5359375 0.75703125 0.2 0.146875
0 0.3453125 0.4546875 0.1328125 0.125
0 0.45625 0.2859375 0.0953125 0.06875
0 0.54375 0.17890625 0.08125 0.1078125
0 0.5453125 0.08984375 0.04375 0.0390625
0 0.2359375 0.5203125 0.059375 0.04375
0 0.303125 0.5890625 0.0421875 0.0578125
0 0.51953125 0.86640625 0.0390625 0.075
0 0.60390625 0.9 0.096875 0.040625
0 0.65546875 0.8609375 0.1046875 0.053125
0 0.74375 0.9015625 0.0578125 0.0484375
0 0.8078125 0.91875 0.059375 0.0421875
0 0.8609375 0.9625 0.0421875 0.0375