0 0.2765625 0.75546875 0.0203125 0.0671875
0 0.3359375 0.83046875 0.0234375 0.1203125
0 0.2640625 0.52265625 0.0140625 0.1234375
0 0.3296875 0.659375 0.0078125 0.0375
0 0.290625 0.53359375 0.0078125 0.0390625
0 0.3015625 0.51171875 0.00625 0.0765625
0 0.3765625 0.44140625 0.0078125 0.053125
0 0.3875 0.4234375 0.0078125 0.03125
0 0.4 0.41953125 0.0078125 0.0390625
0 0.41328125 0.41328125 0.00625 0.0484375
0 0.440625 0.40625 0.0109375 0.0765625
0 0.48125 0.390625 0.0125 0.1171875
0 0.5265625 0.334375 0.0125 0.0390625
0 0.6484375 0.49921875 0.1765625 0.3359375
0 0.80078125 0.903125 0.0375 0.1734375
0 0.37109375 0.2796875 0.0234375 0.0765625
0 0.29453125 0.29453125 0.0234375 0.03125
0 0.28046875 0.36953125 0.0125 0.05625
0 0.31171875 0.34921875 0.00625 0.0359375
0 0.26015625 0.36484375 0.0140625 0.0109375
0 0.33671875 0.35546875 0.034375 0.028125
0 0.57109375 0.053125 0.1265625 0.10625
0 0.61875 0.22890625 0.1125 0.196875
0 0.81484375 0.21875 0.1703125 0.3046875
0 0.88984375 0.85703125 0.0328125 0.1890625
0 0.83828125 0.55 0.1703125 0.3671875
1 0.51328125 0.1765625 0.7109375 0.353125