0 0.77578125 0.5359375 0.0578125 0.4484375
0 0.54765625 0.84140625 0.046875 0.075
0 0.9640625 0.6078125 0.071875 0.128125
0 0.296875 0.92578125 0.1578125 0.1125
0 0.41015625 0.853125 0.1453125 0.090625
0 0.2625 0.5296875 0.05 0.04375
0 0.2 0.38515625 0.040625 0.0796875
0 0.04765625 0.5390625 0.0953125 0.253125
0 0.06484375 0.67265625 0.09375 0.1
0 0.20859375 0.33671875 0.090625 0.046875
0 0.309375 0.44375 0.053125 0.0640625
0 0.4734375 0.4171875 0.0765625 0.0375
0 0.50546875 0.340625 0.0296875 0.0390625
0 0.703125 0.23046875 0.1046875 0.046875
0 0.95703125 0.20859375 0.059375 0.0609375
0 0.87265625 0.390625 0.1046875 0.0734375
0 0.65859375 0.82421875 0.0765625 0.0609375
1 0.8171875 0.359375 0.340625 0.384375
1 0.46796875 0.63984375 0.60625 0.4171875