0 0.646875 0.6515625 0.11875 0.0984375
0 0.1375 0.93125 0.06875 0.090625
0 0.2328125 0.82421875 0.090625 0.103125
0 0.34609375 0.8640625 0.0390625 0.0828125
0 0.49140625 0.79453125 0.04375 0.046875
0 0.56015625 0.72734375 0.0390625 0.04375
0 0.4203125 0.8921875 0.084375 0.1125
1 0.7984375 0.19921875 0.3625 0.3984375
1 0.5609375 0.49921875 0.3234375 0.196875
1 0.46875 0.65 0.165625 0.103125
1 0.45859375 0.203125 0.3234375 0.396875
1 0.2875 0.54453125 0.2109375 0.4625
0 0.12265625 0.803125 0.125 0.16875