1 0.5 0.2125 1 0.425
0 0.27578125 0.8578125 0.5515625 0.1703125
0 0.25234375 0.69609375 0.5046875 0.109375
0 0.75234375 0.7265625 0.4953125 0.09375
0 0.61015625 0.525 0.11875 0.071875
0 0.89375 0.51640625 0.15625 0.0390625
0 0.88125 0.3796875 0.1953125 0.1359375
0 0.77109375 0.3296875 0.1453125 0.103125
0 0.490625 0.35078125 0.153125 0.13125
0 0.49140625 0.4421875 0.2578125 0.09375
0 0.24140625 0.54375 0.15 0.1234375
0 0.1109375 0.4890625 0.0953125 0.103125
0 0.28359375 0.35625 0.1375 0.0890625
0 0.30234375 0.22265625 0.18125 0.16875
0 0.49453125 0.16171875 0.0796875 0.1
0 0.2953125 0.11015625 0.1140625 0.0765625
0 0.1953125 0.37890625 0.1140625 0.0859375
0 0.51171875 0.47578125 0.128125 0.115625
0 0.94375 0.375 0.1125 0.109375
0 0.96796875 0.29453125 0.0640625 0.1265625
0 0.7625 0.51875 0.18125 0.0765625
0 0.04140625 0.43515625 0.0828125 0.0859375