0 0.4921875 0.90234375 0.984375 0.153125
0 0.0078125 0.715625 0.015625 0.04375
0 0.059375 0.72734375 0.0390625 0.0328125
0 0.05703125 0.796875 0.0328125 0.028125
0 0.1140625 0.49453125 0.10625 0.0953125
0 0.04609375 0.49453125 0.0203125 0.0359375
0 0.17890625 0.4859375 0.0203125 0.03125
0 0.3375 0.45625 0.1375 0.2265625
0 0.4578125 0.6515625 0.0265625 0.0265625
0 0.4875 0.5984375 0.06875 0.04375
0 0.71875 0.7015625 0.2203125 0.0828125
0 0.7515625 0.59140625 0.040625 0.0453125
0 0.82265625 0.55 0.090625 0.0734375
0 0.959375 0.4921875 0.0796875 0.1828125
0 0.64609375 0.63125 0.071875 0.03125
0 0.51015625 0.4078125 0.0359375 0.0296875
1 0.72890625 0.42578125 0.3453125 0.2734375