0 0.01953125 0.234375 0.0375 0.0453125
0 0.30390625 0.16640625 0.059375 0.0859375
0 0.71328125 0.134375 0.19375 0.2140625
0 0.659375 0.321875 0.1796875 0.109375
0 0.09609375 0.571875 0.190625 0.16875
0 0.821875 0.9171875 0.0328125 0.0375
0 0.98515625 0.95546875 0.0296875 0.0578125
0 0.33203125 0.82265625 0.059375 0.03125
0 0.12890625 0.73828125 0.0484375 0.0640625
0 0.16328125 0.42734375 0.0609375 0.0453125
0 0.23515625 0.4640625 0.0546875 0.065625
0 0.8328125 0.540625 0.01875 0.0984375
0 0.9171875 0.55625 0.028125 0.1046875
0 0.9703125 0.5390625 0.0234375 0.03125
0 0.78203125 0.62421875 0.0375 0.0765625
0 0.28125 0.69921875 0.1765625 0.20625
0 0.58125 0.6046875 0.0515625 0.1015625
0 0.665625 0.6109375 0.021875 0.0546875
0 0.73046875 0.56796875 0.0125 0.04375
0 0.7453125 0.515625 0.0828125 0.05625
0 0.709375 0.4234375 0.046875 0.059375
0 0.40546875 0.51875 0.0953125 0.1796875
0 0.49140625 0.62578125 0.05625 0.08125
0 0.4921875 0.975 0.0421875 0.05
0 0.46171875 0.73046875 0.0265625 0.1203125
0 0.4046875 0.65546875 0.0609375 0.0765625
0 0.29140625 0.53125 0.075 0.1109375
0 0.34296875 0.36640625 0.0921875 0.0671875
0 0.565625 0.478125 0.046875 0.0765625
0 0.6265625 0.43984375 0.0375 0.04375
0 0.2484375 0.38203125 0.0171875 0.0234375
1 0.5 0.2421875 1 0.484375