0 0.41640625 0.9765625 0.0359375 0.0296875
0 0.475 0.8984375 0.0546875 0.065625
0 0.53984375 0.928125 0.05 0.0390625
0 0.4953125 0.975 0.028125 0.0203125
0 0.5796875 0.8671875 0.0703125 0.0671875
0 0.6265625 0.79375 0.0703125 0.0609375
0 0.33125 0.87265625 0.0984375 0.0828125
0 0.4171875 0.8765625 0.0359375 0.0234375
0 0.521875 0.81953125 0.034375 0.0546875
0 0.1484375 0.9890625 0.0875 0.021875
0 0.02890625 0.978125 0.05625 0.04375
0 0.325 0.7609375 0.028125 0.028125
0 0.4109375 0.765625 0.0734375 0.0703125
0 0.2828125 0.52109375 0.128125 0.13125
0 0.38125 0.45 0.05625 0.059375
0 0.54765625 0.54375 0.04375 0.0296875
0 0.38671875 0.6546875 0.0171875 0.0328125
0 0.40234375 0.61328125 0.0953125 0.0375
1 0.1859375 0.79609375 0.371875 0.4078125
1 0.32734375 0.2859375 0.6546875 0.3171875
1 0.1109375 0.515625 0.221875 0.15625
1 0.4375 0.540625 0.159375 0.0953125
1 0.55078125 0.48515625 0.0734375 0.0578125
1 0.85 0.23828125 0.3 0.1640625