0 0.18046875 0.540625 0.2578125 0.8953125
0 0.453125 0.275 0.278125 0.4828125
0 0.8078125 0.27734375 0.265625 0.5546875
1 0.334375 0.0453125 0.66875 0.090625
1 0.0328125 0.259375 0.065625 0.35
1 0.63828125 0.2109375 0.1078125 0.2375
1 0.9546875 0.1640625 0.0390625 0.328125
1 0.6109375 0.7640625 0.1109375 0.221875
0 0.9328125 0.73203125 0.134375 0.340625
0 0.40234375 0.7796875 0.1703125 0.19375
0 0.6 0.9265625 0.1765625 0.0859375
0 0.01484375 0.8703125 0.0296875 0.134375
0 0.771875 0.71796875 0.0640625 0.10625
0 0.81875 0.5828125 0.0421875 0.05