0 0.48125 0.80703125 0.0328125 0.0609375
0 0.821875 0.74921875 0.0703125 0.0625
0 0.9578125 0.871875 0.084375 0.084375
0 0.9296875 0.97578125 0.05625 0.0390625
0 0.55234375 0.92734375 0.15 0.08125
0 0.36484375 0.88125 0.046875 0.09375
0 0.396875 0.8859375 0.1109375 0.103125
0 0.03515625 0.41484375 0.06875 0.8171875
0 0.17578125 0.42421875 0.203125 0.8359375
0 0.728125 0.89609375 0.0546875 0.0734375
0 0.61015625 0.56015625 0.2546875 0.2046875
1 0.65546875 0.275 0.353125 0.3015625
0 0.603125 0.7703125 0.509375 0.365625