0 0.1390625 0.72265625 0.0765625 0.0390625
0 0.2109375 0.85703125 0.05625 0.046875
0 0.296875 0.80234375 0.084375 0.040625
0 0.32421875 0.86015625 0.0703125 0.0546875
0 0.425 0.8421875 0.040625 0.040625
0 0.58203125 0.66875 0.0890625 0.0609375
0 0.84140625 0.6453125 0.1140625 0.1359375
0 0.9546875 0.7078125 0.090625 0.05
0 0.72890625 0.67734375 0.065625 0.059375
1 0.5 0.26484375 1 0.5296875
1 0.1125 0.615625 0.225 0.175
1 0.21171875 0.76953125 0.0734375 0.125
0 0.3 0.57421875 0.159375 0.1078125
0 0.48828125 0.575 0.084375 0.0703125
0 0.42578125 0.74375 0.071875 0.078125