0 0.0890625 0.8328125 0.178125 0.33125
0 0.28125 0.740625 0.0640625 0.4984375
0 0.48125 0.8796875 0.4125 0.2109375
0 0.83359375 0.81953125 0.3328125 0.3109375
0 0.5421875 0.55 0.1390625 0.1890625
0 0.465625 0.178125 0.3328125 0.35625
0 0.4171875 0.54296875 0.10625 0.590625
0 0.34296875 0.63828125 0.03125 0.3328125
0 0.275 0.375 0.028125 0.3359375
0 0.08984375 0.371875 0.0984375 0.121875
0 0.084375 0.54453125 0.11875 0.096875
0 0.26953125 0.5796875 0.071875 0.1328125
1 0.49375 0.3640625 0.540625 0.728125
1 0.821875 0.32265625 0.35625 0.6453125
1 0.128125 0.2625 0.25625 0.525
1 0.5 0.42578125 1 0.8515625