1 0.5 0.225 1 0.45
1 0.52109375 0.49140625 0.9578125 0.0796875
1 0.5859375 0.56328125 0.828125 0.065625
1 0.6359375 0.63984375 0.728125 0.0890625
1 0.925 0.73203125 0.15 0.090625
1 0.471875 0.7140625 0.1875 0.059375
0 0.0203125 0.5109375 0.040625 0.0671875
0 0.10234375 0.575 0.128125 0.075
0 0.2359375 0.63125 0.0765625 0.0734375
0 0.3265625 0.67578125 0.0796875 0.1
0 0.81328125 0.721875 0.103125 0.0546875
0 0.90234375 0.7890625 0.0453125 0.0921875
0 0.690625 0.7078125 0.1375 0.0359375
0 0.59140625 0.7328125 0.05625 0.0328125
0 0.528125 0.771875 0.0953125 0.04375
0 0.459375 0.81015625 0.1 0.034375