1 0.5 0.1953125 1 0.390625
1 0.59296875 0.496875 0.1609375 0.21875
1 0.72890625 0.4625 0.1 0.1609375
1 0.43125 0.4515625 0.153125 0.1171875
0 0.53125 0.90859375 0.0359375 0.05
0 0.56484375 0.9859375 0.040625 0.028125
0 0.7875 0.89296875 0.03125 0.0453125
0 0.7890625 0.80078125 0.0578125 0.0515625
0 0.98515625 0.92265625 0.028125 0.046875
0 0.67578125 0.62890625 0.0828125 0.0515625
0 0.83203125 0.4421875 0.0515625 0.028125
0 0.95546875 0.47890625 0.0890625 0.1046875
0 0.76484375 0.60625 0.0203125 0.0171875
0 0.56953125 0.72421875 0.0578125 0.0515625
0 0.64765625 0.71953125 0.0390625 0.0515625
0 0.946875 0.75390625 0.0390625 0.0640625
0 0.99296875 0.65234375 0.0140625 0.05
0 0.81015625 0.52421875 0.0671875 0.0859375