0 0.2546875 0.9859375 0.05625 0.028125
0 0.2578125 0.5875 0.0234375 0.165625
0 0.39921875 0.8515625 0.0640625 0.296875
0 0.41875 0.62578125 0.0546875 0.1640625
0 0.34609375 0.61328125 0.034375 0.1203125
0 0.3296875 0.765625 0.059375 0.065625
0 0.49453125 0.87109375 0.096875 0.2578125
0 0.48515625 0.44765625 0.0828125 0.5828125
0 0.3484375 0.33671875 0.078125 0.390625
0 0.4203125 0.421875 0.0453125 0.2375
1 0.77109375 0.5 0.4578125 1
1 0.18359375 0.2 0.2421875 0.4
1 0.42265625 0.078125 0.24375 0.15625
1 0.09140625 0.5671875 0.10625 0.3515625