0 0.8859375 0.48359375 0.2140625 0.0640625
0 0.0515625 0.9078125 0.103125 0.046875
0 0.16875 0.84375 0.103125 0.075
0 0.2671875 0.80234375 0.0828125 0.096875
0 0.36953125 0.7078125 0.0734375 0.0890625
0 0.43515625 0.64375 0.0578125 0.0734375
0 0.5328125 0.590625 0.090625 0.0515625
0 0.60078125 0.57265625 0.021875 0.0421875
0 0.69921875 0.55625 0.0859375 0.0703125
0 0.78203125 0.515625 0.040625 0.03125
1 0.5 0.228125 1 0.45625
1 0.0578125 0.665625 0.115625 0.43125
1 0.378125 0.50625 0.55 0.0953125
1 0.16796875 0.678125 0.1125 0.2546875
1 0.27890625 0.628125 0.109375 0.15