0 0.87578125 0.15 0.2484375 0.171875
1 0.64609375 0.3640625 0.7078125 0.2890625
1 0.378125 0.11328125 0.75625 0.2265625
1 0.87578125 0.0359375 0.2484375 0.0640625
1 0.1484375 0.36328125 0.2875 0.26875
0 0.4109375 0.46015625 0.159375 0.0875
0 0.7328125 0.45859375 0.128125 0.0625
0 0.86875 0.48125 0.1109375 0.0453125
1 0.51484375 0.5796875 0.34375 0.1375
1 0.9015625 0.58046875 0.1953125 0.1453125
1 0.134375 0.78828125 0.2671875 0.2
0 0.171875 0.5765625 0.34375 0.20625
0 0.47109375 0.7109375 0.09375 0.08125
0 0.6265625 0.68203125 0.0671875 0.0890625
0 0.31484375 0.7125 0.071875 0.0625
0 0.0640625 0.9375 0.128125 0.0890625
0 0.22890625 0.94921875 0.1546875 0.1015625
0 0.5640625 0.915625 0.3359375 0.16875
1 0.33125 0.82421875 0.1171875 0.1421875
1 0.559375 0.79296875 0.346875 0.0796875