0 0.0890625 0.3609375 0.178125 0.128125
0 0.02578125 0.50703125 0.0515625 0.1109375
0 0.1140625 0.51328125 0.078125 0.065625
0 0.19609375 0.4578125 0.0625 0.103125
0 0.29296875 0.34765625 0.1203125 0.2296875
0 0.38046875 0.31796875 0.0390625 0.040625
0 0.4515625 0.29296875 0.05625 0.0859375
0 0.503125 0.27265625 0.0375 0.071875
0 0.590625 0.26953125 0.0578125 0.1015625
0 0.76484375 0.21328125 0.215625 0.4265625
0 0.9546875 0.353125 0.090625 0.1546875
1 0.37421875 0.11328125 0.5671875 0.2265625
1 0.94609375 0.10234375 0.1078125 0.2046875