1 0.66015625 0.17578125 0.2828125 0.3515625
1 0.803125 0.45625 0.2046875 0.2078125
0 0.465625 0.021875 0.0953125 0.04375
0 0.24609375 0.07109375 0.0546875 0.04375
0 0.15859375 0.134375 0.0703125 0.1265625
0 0.20546875 0.33515625 0.078125 0.25625
0 0.2640625 0.53359375 0.0703125 0.1578125
0 0.325 0.7625 0.078125 0.2609375
0 0.30859375 0.91171875 0.0859375 0.0828125
0 0.40078125 0.96953125 0.09375 0.059375
0 0.5625 0.98828125 0.053125 0.0234375
0 0.49140625 0.990625 0.0375 0.01875
0 0.659375 0.97890625 0.0671875 0.0421875
0 0.671875 0.92734375 0.034375 0.028125
0 0.746875 0.85859375 0.0828125 0.0765625
0 0.86171875 0.67890625 0.065625 0.2390625