0 0.70546875 0.3765625 0.2703125 0.3859375
0 0.13359375 0.41640625 0.2671875 0.3546875
0 0.4734375 0.603125 0.3109375 0.2328125
1 0.87265625 0.26796875 0.2546875 0.3890625
1 0.3125 0.51875 0.1671875 0.4578125
1 0.8 0.76328125 0.3984375 0.4734375
0 0.3203125 0.1328125 0.1234375 0.13125
0 0.3921875 0.06640625 0.1109375 0.1
0 0.54453125 0.1546875 0.0796875 0.1
0 0.6171875 0.3265625 0.090625 0.090625
0 0.465625 0.37578125 0.1359375 0.0765625
0 0.421875 0.26171875 0.1578125 0.08125
0 0.46328125 0.209375 0.1421875 0.115625
0 0.32890625 0.2765625 0.13125 0.153125