1 0.4921875 0.10546875 0.984375 0.2109375
0 0.65546875 0.49765625 0.4 0.140625
0 0.41484375 0.43203125 0.14375 0.071875
0 0.38125 0.578125 0.246875 0.090625
0 0.059375 0.92109375 0.0609375 0.10625
0 0.16484375 0.8859375 0.071875 0.0953125
0 0.28046875 0.875 0.04375 0.05
0 0.0984375 0.62578125 0.1203125 0.0703125
0 0.03359375 0.53515625 0.0671875 0.0359375
0 0.86640625 0.42421875 0.215625 0.0421875
0 0.98359375 0.675 0.0328125 0.1015625
1 0.17734375 0.26875 0.275 0.1890625
1 0.68671875 0.28125 0.5484375 0.1375