1 0.59296875 0.1578125 0.259375 0.1078125
1 0.23359375 0.2125 0.459375 0.2421875
1 0.86171875 0.21875 0.2765625 0.1515625
0 0.6046875 0.31640625 0.2828125 0.2109375
0 0.79765625 0.3609375 0.09375 0.1328125
0 0.95546875 0.3921875 0.0703125 0.1484375
1 0.3078125 0.4546875 0.4359375 0.2421875
0 0.8078125 0.5375 0.025 0.14375
0 0.6203125 0.65859375 0.1890625 0.475
1 0.415625 0.6625 0.2125 0.175
0 0.85 0.78125 0.05 0.115625
0 0.84921875 0.92421875 0.0640625 0.078125
0 0.56328125 0.9453125 0.425 0.109375