0 0.58046875 0.40390625 0.1265625 0.1796875
1 0.7203125 0.40703125 0.1390625 0.1859375
1 0.64140625 0.53203125 0.3484375 0.0640625
1 0.4109375 0.57890625 0.1078125 0.1203125
0 0.27890625 0.58046875 0.15625 0.121875
1 0.50703125 0.6265625 0.078125 0.1296875
0 0.6296875 0.6765625 0.1671875 0.225
0 0.32421875 0.74140625 0.2859375 0.2
1 0.08984375 0.8140625 0.1796875 0.0828125
0 0.58515625 0.85546875 0.2265625 0.0453125
1 0.60390625 0.15703125 0.1765625 0.3140625
1 0.2578125 0.259375 0.515625 0.51875