0 0.13828125 0.23203125 0.125 0.334375
0 0.2734375 0.46640625 0.146875 0.1265625
0 0.39296875 0.54140625 0.0875 0.1703125
0 0.50234375 0.62890625 0.0390625 0.08125
0 0.58671875 0.703125 0.08125 0.071875
1 0.58828125 0.2171875 0.8234375 0.390625
1 0.0296875 0.575 0.059375 0.846875
1 0.1390625 0.70078125 0.16875 0.5984375
1 0.2828125 0.7609375 0.134375 0.478125
1 0.4140625 0.81171875 0.125 0.375
1 0.71953125 0.49765625 0.5609375 0.1796875
1 0.8140625 0.7859375 0.371875 0.428125
1 0.55 0.871875 0.140625 0.25625
1 0.509375 0.709375 0.0640625 0.0890625
1 0.58046875 0.621875 0.1125 0.0703125