1 0.53359375 0.24609375 0.9328125 0.4921875
0 0.4171875 0.81796875 0.3453125 0.1875
0 0.25625 0.84140625 0.23125 0.1609375
0 0.084375 0.678125 0.16875 0.2921875
0 0.33359375 0.603125 0.1890625 0.165625
0 0.4578125 0.5578125 0.225 0.315625
0 0.6890625 0.70546875 0.3484375 0.1328125
0 0.78984375 0.57265625 0.4140625 0.159375
0 0.95859375 0.76171875 0.0828125 0.19375
0 0.740625 0.76640625 0.103125 0.0734375
0 0.5890625 0.775 0.14375 0.1046875
0 0.45390625 0.90078125 0.084375 0.096875
0 0.9375 0.9171875 0.125 0.09375
0 0.253125 0.42421875 0.09375 0.0546875
0 0.4015625 0.47109375 0.0921875 0.034375
0 0.53828125 0.4203125 0.146875 0.071875
0 0.76484375 0.42890625 0.1765625 0.0890625