1 0.5296875 0.2265625 0.940625 0.453125
1 0.87578125 0.52578125 0.2484375 0.1484375
1 0.565625 0.534375 0.1390625 0.1640625
0 0.05859375 0.5578125 0.1171875 0.109375
1 0.03046875 0.38359375 0.0609375 0.2390625
1 0.4125 0.53125 0.1640625 0.1609375
1 0.26640625 0.5546875 0.11875 0.0796875
0 0.1671875 0.5984375 0.040625 0.090625
0 0.25703125 0.64765625 0.1 0.0671875
0 0.3625 0.65234375 0.0984375 0.065625
0 0.4453125 0.68515625 0.05625 0.08125
0 0.5328125 0.71953125 0.09375 0.1015625
0 0.6328125 0.77578125 0.0796875 0.0859375
0 0.771875 0.77734375 0.078125 0.078125
0 0.840625 0.70234375 0.0453125 0.06875
0 0.93515625 0.65703125 0.1296875 0.05625
1 0.82421875 0.6296875 0.090625 0.065625
1 0.6359375 0.671875 0.1203125 0.1265625
1 0.52265625 0.6390625 0.1078125 0.0609375
0 0.1328125 0.50234375 0.1078125 0.08125
0 0.41171875 0.4796875 0.04375 0.0375
0 0.31015625 0.46796875 0.025 0.040625
0 0.2578125 0.47265625 0.0265625 0.0328125
0 0.71875 0.60625 0.0515625 0.078125
0 0.68203125 0.66171875 0.0265625 0.03125
0 0.7375 0.66328125 0.0203125 0.0203125
0 0.51328125 0.55859375 0.046875 0.0546875
0 0.58515625 0.56171875 0.01875 0.0265625