1 0.5 0.18046875 1 0.3609375
0 0.67265625 0.5171875 0.18125 0.165625
0 0.48671875 0.6796875 0.0828125 0.0796875
0 0.70625 0.67265625 0.2953125 0.1453125
1 0.62578125 0.40078125 0.7484375 0.078125
1 0.43515625 0.53984375 0.28125 0.1984375
1 0.8796875 0.51796875 0.240625 0.15625
1 0.89296875 0.8078125 0.2140625 0.1328125
1 0.92578125 0.66875 0.1484375 0.140625
0 0.5609375 0.91484375 0.0390625 0.075
0 0.7828125 0.9671875 0.015625 0.04375
0 0.8890625 0.9375 0.059375 0.125
0 0.1171875 0.56796875 0.0734375 0.2296875
0 0.240625 0.58359375 0.0484375 0.140625