1 0.1640625 0.41875 0.328125 0.1515625
0 0.22109375 0.5453125 0.228125 0.128125
0 0.34453125 0.65234375 0.1984375 0.0765625
0 0.38828125 0.57734375 0.0390625 0.059375
0 0.43203125 0.77421875 0.128125 0.06875
0 0.4609375 0.63828125 0.053125 0.0828125
0 0.5859375 0.6421875 0.0515625 0.05
0 0.5515625 0.68828125 0.015625 0.01875
0 0.62890625 0.840625 0.084375 0.0578125
0 0.7328125 0.8171875 0.090625 0.071875
0 0.7703125 0.87890625 0.04375 0.040625
0 0.8609375 0.89296875 0.0890625 0.090625
0 0.9515625 0.9078125 0.08125 0.0484375
0 0.92734375 0.821875 0.025 0.01875
0 0.68203125 0.74765625 0.0640625 0.0578125
0 0.73515625 0.72421875 0.0515625 0.040625
0 0.81953125 0.74921875 0.03125 0.028125
0 0.790625 0.79609375 0.0203125 0.028125
0 0.60546875 0.74921875 0.03125 0.0515625
0 0.6171875 0.70390625 0.0265625 0.021875
0 0.8875 0.7 0.025 0.01875