1 0.5 0.184375 1 0.36875
1 0.5921875 0.80546875 0.1703125 0.1609375
1 0.215625 0.51328125 0.3 0.40625
1 0.6796875 0.48359375 0.3578125 0.3765625
0 0.91875 0.653125 0.159375 0.33125
1 0.90234375 0.496875 0.1953125 0.39375
0 0.234375 0.85625 0.46875 0.25625
0 0.11328125 0.47890625 0.2265625 0.3078125
0 0.40859375 0.38203125 0.2703125 0.2265625
0 0.71171875 0.65390625 0.2359375 0.2046875
0 0.85390625 0.809375 0.2625 0.0796875
0 0.94921875 0.89296875 0.1015625 0.1640625
0 0.76875 0.8859375 0.4609375 0.1890625
0 0.42265625 0.7 0.2484375 0.1296875