0 0.1625 0.66875 0.053125 0.2171875
1 0.48671875 0.11171875 0.215625 0.2234375
0 0.29453125 0.1578125 0.165625 0.3109375
1 0.1171875 0.1671875 0.1828125 0.3296875
0 0.71171875 0.26875 0.0484375 0.1140625
0 0.259375 0.37890625 0.0296875 0.10625
0 0.19765625 0.4390625 0.0328125 0.1171875
0 0.61796875 0.4609375 0.0859375 0.1015625
0 0.45625 0.478125 0.0890625 0.109375
1 0.86640625 0.50703125 0.071875 0.10625
0 0.353125 0.5640625 0.0671875 0.2859375
0 0.66328125 0.5734375 0.0859375 0.140625
0 0.51328125 0.59375 0.0609375 0.2046875
0 0.87890625 0.60859375 0.0390625 0.0921875
0 0.25078125 0.6140625 0.04375 0.075