0 0.33046875 0.5 0.3484375 1
0 0.63671875 0.7390625 0.171875 0.1015625
0 0.85234375 0.21796875 0.075 0.0828125
0 0.95546875 0.0234375 0.0890625 0.040625
0 0.96953125 0.09921875 0.0609375 0.0390625
0 0.975 0.16328125 0.0484375 0.0484375
0 0.946875 0.41953125 0.05 0.071875
0 0.8234375 0.6234375 0.0859375 0.1140625
0 0.95234375 0.91484375 0.0375 0.0546875
1 0.075 0.5 0.15 1
1 0.64296875 0.34296875 0.2671875 0.6859375
1 0.85 0.41796875 0.1453125 0.2953125
1 0.71640625 0.9 0.4234375 0.2
1 0.96328125 0.7375 0.0734375 0.31875
1 0.81953125 0.7453125 0.2109375 0.115625