0 0.77265625 0.784375 0.153125 0.2265625
0 0.640625 0.8453125 0.1015625 0.096875
0 0.91953125 0.6578125 0.1296875 0.15625
0 0.7171875 0.5390625 0.1578125 0.1140625
0 0.8671875 0.4953125 0.0671875 0.128125
0 0.27578125 0.8 0.1421875 0.1125
0 0.09296875 0.80546875 0.1046875 0.1453125
0 0.29609375 0.36875 0.240625 0.225
0 0.5140625 0.2 0.1859375 0.1921875
0 0.6953125 0.08046875 0.20625 0.0671875
0 0.87578125 0.02421875 0.153125 0.0484375
1 0.203125 0.12109375 0.40625 0.2421875
1 0.084375 0.371875 0.16875 0.39375
0 0.52265625 0.903125 0.1609375 0.0796875
0 0.46328125 0.6171875 0.075 0.059375
0 0.58046875 0.55390625 0.0625 0.1421875
0 0.35546875 0.55390625 0.175 0.0796875
0 0.2046875 0.6453125 0.228125 0.115625