0 0.61171875 0.68984375 0.09375 0.1296875
0 0.484375 0.26015625 0.0359375 0.09375
0 0.971875 0.73359375 0.0546875 0.10625
0 0.13671875 0.75859375 0.053125 0.053125
0 0.9015625 0.29921875 0.103125 0.1578125
0 0.7375 0.57421875 0.371875 0.4984375
0 0.2421875 0.80390625 0.0640625 0.0453125
0 0.85078125 0.5828125 0.03125 0.0515625
0 0.6734375 0.15703125 0.2765625 0.3
0 0.7390625 0.24765625 0.1390625 0.09375
0 0.6578125 0.8296875 0.034375 0.0328125
0 0.753125 0.51640625 0.19375 0.4125
1 0.0359375 0.1625 0.071875 0.3046875