1 0.54765625 0.51875 0.375 0.3515625
1 0.4828125 0.75546875 0.178125 0.1234375
1 0.496875 0.1734375 0.115625 0.346875
1 0.7171875 0.240625 0.1203125 0.20625
1 0.63359375 0.290625 0.04375 0.1
0 0.59140625 0.184375 0.078125 0.23125
1 0.67265625 0.03515625 0.2328125 0.0703125
1 0.70234375 0.1015625 0.1484375 0.0609375
0 0.28359375 0.86015625 0.240625 0.2796875
0 0.1375 0.9203125 0.0578125 0.159375
0 0.50546875 0.88359375 0.2015625 0.1328125
0 0.7421875 0.80390625 0.1125 0.2109375
0 0.77265625 0.6625 0.0703125 0.0734375
0 0.64921875 0.8671875 0.0703125 0.1421875
0 0.80625 0.33203125 0.0515625 0.103125
0 0.77890625 0.4359375 0.065625 0.1109375
0 0.38671875 0.54140625 0.0203125 0.028125
0 0.42578125 0.45234375 0.0453125 0.0296875
0 0.2921875 0.375 0.034375 0.0515625
0 0.19921875 0.55703125 0.0515625 0.1015625
0 0.0125 0.88203125 0.025 0.084375