0 0.90859375 0.39765625 0.071875 0.0625
0 0.071875 0.71796875 0.14375 0.203125
0 0.20390625 0.49375 0.4078125 0.19375
0 0.45703125 0.53203125 0.1078125 0.1828125
0 0.28203125 0.6453125 0.20625 0.078125
0 0.3390625 0.965625 0.115625 0.06875
0 0.3421875 0.8 0.146875 0.0625
0 0.5421875 0.83046875 0.2625 0.3390625
0 0.77578125 0.93515625 0.13125 0.1296875
0 0.9359375 0.83203125 0.128125 0.0984375
0 0.6734375 0.6671875 0.23125 0.1453125
0 0.803125 0.77265625 0.0625 0.046875
0 0.86171875 0.72265625 0.0578125 0.03125
0 0.95 0.6125 0.1 0.0703125
0 0.91953125 0.4859375 0.1609375 0.115625
0 0.69140625 0.4734375 0.19375 0.1609375
0 0.5453125 0.36484375 0.1046875 0.134375
1 0.24453125 0.17421875 0.4890625 0.3484375
1 0.7390625 0.14765625 0.5125 0.2953125