0 0.96875 0.87578125 0.0625 0.1328125
0 0.8765625 0.89453125 0.0390625 0.103125
0 0.06328125 0.71328125 0.084375 0.059375
0 0.97578125 0.9796875 0.0484375 0.040625
0 0.7359375 0.96953125 0.05625 0.0609375
0 0.82578125 0.9703125 0.059375 0.059375
0 0.1453125 0.67421875 0.04375 0.096875
0 0.19921875 0.8546875 0.046875 0.0765625
0 0.2609375 0.82421875 0.0234375 0.0203125
0 0.184375 0.7703125 0.0328125 0.05
0 0.328125 0.65 0.05 0.0359375
0 0.9546875 0.6734375 0.0578125 0.028125
0 0.8984375 0.496875 0.0296875 0.0765625
0 0.5125 0.64453125 0.0625 0.0640625
0 0.64296875 0.86796875 0.0203125 0.04375
0 0.73984375 0.65390625 0.0328125 0.0328125
0 0.7859375 0.7265625 0.021875 0.0234375
0 0.778125 0.58671875 0.0234375 0.0328125
0 0.55546875 0.88359375 0.0515625 0.08125
0 0.61640625 0.6078125 0.0546875 0.040625
0 0.2125 0.71015625 0.059375 0.0484375
0 0.2265625 0.75390625 0.034375 0.0328125
0 0.678125 0.5328125 0.0234375 0.0484375
0 0.73515625 0.34453125 0.0234375 0.0390625
0 0.27578125 0.53125 0.0203125 0.109375