0 0.10703125 0.2984375 0.2140625 0.1734375
0 0.1625 0.16640625 0.0484375 0.0953125
0 0.28671875 0.25390625 0.0859375 0.1140625
0 0.40234375 0.434375 0.15 0.2640625
0 0.5265625 0.54140625 0.115625 0.2265625
0 0.62265625 0.6109375 0.075 0.1484375
0 0.74140625 0.603125 0.0421875 0.0546875
0 0.68203125 0.5828125 0.0296875 0.0359375
0 0.71953125 0.7 0.1234375 0.1375
0 0.8859375 0.8078125 0.228125 0.171875
1 0.065625 0.10390625 0.13125 0.2078125
1 0.44765625 0.05859375 0.61875 0.1171875
1 0.88359375 0.41484375 0.2328125 0.6296875
1 0.3515625 0.5234375 0.128125 0.1015625
1 0.096875 0.42265625 0.1265625 0.125
1 0.265625 0.3484375 0.1046875 0.084375
1 0.47578125 0.21640625 0.5765625 0.1953125
1 0.62421875 0.371875 0.2875 0.1171875
1 0.678125 0.503125 0.18125 0.1375