1 0.534375 0.1140625 0.309375 0.228125
1 0.88671875 0.1421875 0.2203125 0.0875
0 0.73125 0.16171875 0.090625 0.1390625
1 0.9609375 0.265625 0.078125 0.1484375
1 0.49921875 0.28125 0.115625 0.1046875
0 0.725 0.33671875 0.33125 0.2171875
0 0.52734375 0.3875 0.0640625 0.1078125
0 0.37578125 0.4046875 0.2328125 0.1296875
1 0.84453125 0.04765625 0.3109375 0.0953125
0 0.72578125 0.50625 0.465625 0.184375
0 0.90078125 0.625 0.1203125 0.053125
0 0.58125 0.6359375 0.1578125 0.0671875
1 0.74296875 0.6484375 0.178125 0.05625
1 0.1859375 0.66953125 0.1140625 0.240625
1 0.38828125 0.69609375 0.209375 0.1203125