0 0.0953125 0.28515625 0.190625 0.459375
0 0.34765625 0.17578125 0.096875 0.2515625
0 0.2109375 0.65859375 0.0375 0.125
0 0.32734375 0.66328125 0.134375 0.2953125
0 0.23515625 0.3625 0.090625 0.203125
0 0.3578125 0.3984375 0.0546875 0.15625
0 0.45859375 0.128125 0.08125 0.2046875
0 0.590625 0.21171875 0.1609375 0.2859375
0 0.53046875 0.4984375 0.10625 0.2796875
0 0.675 0.7296875 0.18125 0.4109375
0 0.715625 0.45234375 0.15 0.1609375
0 0.921875 0.771875 0.15625 0.25625
0 0.97421875 0.4546875 0.0515625 0.1359375
1 0.834375 0.1875 0.33125 0.375
1 0.9015625 0.50859375 0.1 0.275
1 0.97421875 0.58125 0.0515625 0.11875
1 0.40703125 0.4609375 0.04375 0.2921875