0 0.29220779218750004 0.24577702656249997 0.2927489171875 0.25337837812499997 0.303030303125 0.2559121625 0.309523809375 0.24577702656249997 0.3079004328125 0.23986486562499998 0.29220779218750004 0.24577702656249997
0 0.20625 0.2484375 0.040625 0.071875
0 0.2625 0.24375 0.05625 0.10625
0 0.02578125 0.6609375 0.0515625 0.125
0 0.0984375 0.8515625 0.0328125 0.0453125
0 0.91796875 0.8625 0.0609375 0.05
1 0.89609375 0.26484375 0.2046875 0.5296875
0 0.6953125 0.7703125 0.25 0.24375
0 0.9015625 0.68046875 0.146875 0.2390625
0 0.6109375 0.5140625 0.3484375 0.2375
0 0.240625 0.6796875 0.184375 0.3734375