0 0.6609375 0.184375 0.1140625 0.18125
1 0.51953125 0.1890625 0.1640625 0.378125
0 0.38828125 0.20390625 0.09375 0.165625
0 0.296875 0.3046875 0.0640625 0.134375
1 0.6515625 0.046875 0.096875 0.09375
0 0.68359375 0.48046875 0.1671875 0.2078125
0 0.3125 0.0578125 0.059375 0.115625
1 0.38984375 0.0609375 0.09375 0.121875
0 0.29609375 0.61875 0.0890625 0.1375
1 0.91015625 0.66796875 0.1046875 0.1484375
0 0.71171875 0.78984375 0.1015625 0.1390625
0 0.925 0.8453125 0.1171875 0.1953125
0 0.60625 0.85625 0.065625 0.159375
0 0.26953125 0.93203125 0.0671875 0.0921875