0 0.128125 0.59609375 0.23125 0.1015625
0 0.3453125 0.66328125 0.0484375 0.05
0 0.39453125 0.68046875 0.053125 0.04375
0 0.45859375 0.71171875 0.053125 0.040625
0 0.2640625 0.640625 0.0546875 0.0328125
0 0.06484375 0.2640625 0.1296875 0.05
0 0.2140625 0.325 0.1734375 0.10625
0 0.5171875 0.39453125 0.2671875 0.0890625
0 0.8359375 0.5734375 0.0421875 0.046875
0 0.95546875 0.65234375 0.0890625 0.0859375
1 0.60625 0.35546875 0.459375 0.1421875
1 0.85546875 0.4703125 0.2890625 0.2375
1 0.26640625 0.31875 0.19375 0.1390625