1 0.37890625 0.359375 0.7578125 0.25
1 0.6453125 0.5453125 0.1640625 0.1125
1 0.06328125 0.55234375 0.1265625 0.140625
0 0.278125 0.55703125 0.1484375 0.1453125
0 0.46796875 0.56640625 0.1890625 0.159375
0 0.15 0.59140625 0.040625 0.0984375
0 0.13828125 0.6859375 0.053125 0.0546875
0 0.4640625 0.70546875 0.071875 0.1140625
0 0.646875 0.72109375 0.128125 0.240625
0 0.23984375 0.73984375 0.1 0.1671875
0 0.75859375 0.7640625 0.0703125 0.2375
0 0.0609375 0.796875 0.0671875 0.1515625
0 0.12734375 0.8265625 0.028125 0.159375