0 0.4984375 0.26484375 0.996875 0.521875
0 0.97109375 0.7 0.0578125 0.1953125
0 0.26875 0.628125 0.0625 0.1328125
0 0.5671875 0.75390625 0.3796875 0.4484375
1 0.70703125 0.11328125 0.2015625 0.2265625
1 0.94296875 0.26171875 0.1140625 0.4390625
0 0.821875 0.6609375 0.1671875 0.25
1 0.08203125 0.746875 0.1640625 0.3125
1 0.24765625 0.83984375 0.1828125 0.2015625
1 0.35625 0.209375 0.084375 0.1296875
1 0.434375 0.07109375 0.15 0.1140625
1 0.053125 0.23671875 0.096875 0.1546875
0 0.48046875 0.35703125 0.1359375 0.2828125
0 0.584375 0.40546875 0.165625 0.24375
0 0.81484375 0.4140625 0.1484375 0.1859375