1 0.9109375 0.32890625 0.178125 0.6578125
1 0.140625 0.2171875 0.28125 0.434375
1 0.61875 0.296875 0.228125 0.5
0 0.540625 0.6140625 0.2140625 0.3953125
0 0.21796875 0.72265625 0.4359375 0.253125
0 0.92890625 0.353125 0.08125 0.2640625
0 0.5984375 0.8734375 0.15625 0.1640625
0 0.778125 0.79609375 0.075 0.159375
0 0.890625 0.91015625 0.0421875 0.14375
0 0.94765625 0.7390625 0.1046875 0.13125
0 0.696875 0.965625 0.1296875 0.06875
0 0.7125 0.66171875 0.1359375 0.1296875
0 0.77578125 0.51328125 0.146875 0.296875