0 0.08828125 0.56328125 0.040625 0.0546875
0 0.20234375 0.93828125 0.059375 0.05625
0 0.09453125 0.85625 0.021875 0.028125
0 0.18203125 0.71640625 0.084375 0.11875
0 0.25859375 0.79609375 0.0828125 0.0796875
0 0.96796875 0.81953125 0.0640625 0.1890625
0 0.90625 0.89609375 0.021875 0.0234375
0 0.80625 0.984375 0.0234375 0.021875
0 0.6640625 0.63828125 0.1703125 0.2234375
0 0.60234375 0.87734375 0.0859375 0.2453125
0 0.8609375 0.79453125 0.1671875 0.1875
0 0.4109375 0.78359375 0.1359375 0.2375
0 0.5 0.95390625 0.0890625 0.0921875
0 0.51875 0.58046875 0.096875 0.1578125
0 0.571875 0.475 0.065625 0.0609375
1 0.61328125 0.34375 0.278125 0.1984375
1 0.43984375 0.4421875 0.18125 0.1140625
0 0.28046875 0.70859375 0.0765625 0.071875
0 0.34140625 0.63515625 0.059375 0.0671875
0 0.4140625 0.5640625 0.0984375 0.071875