1 0.14140625 0.8859375 0.2140625 0.228125
1 0.0703125 0.58203125 0.140625 0.3078125
0 0.0109375 0.775 0.021875 0.0453125
0 0.1859375 0.59375 0.0734375 0.109375
0 0.62109375 0.58203125 0.0609375 0.1609375
0 0.71875 0.60625 0.034375 0.125
0 0.79140625 0.67890625 0.103125 0.153125
0 0.4390625 0.50546875 0.0296875 0.04375
1 0.434375 0.2609375 0.690625 0.3109375
1 0.56953125 0.4734375 0.8609375 0.115625
1 0.8765625 0.6390625 0.071875 0.215625
1 0.78671875 0.5671875 0.10625 0.059375
1 0.26953125 0.55 0.096875 0.0328125