0 0.11484375 0.84921875 0.1796875 0.1453125
0 0.0265625 0.9171875 0.053125 0.0859375
0 0.534375 0.80390625 0.1375 0.0828125
0 0.70625 0.78515625 0.078125 0.0703125
0 0.68203125 0.7046875 0.1265625 0.096875
0 0.91015625 0.74140625 0.0796875 0.0484375
0 0.95859375 0.7 0.0609375 0.075
0 0.81015625 0.68359375 0.1203125 0.05625
0 0.625 0.51328125 0.08125 0.0734375
0 0.52265625 0.66796875 0.121875 0.175
0 0.6171875 0.64140625 0.0703125 0.0390625
0 0.3390625 0.78515625 0.1265625 0.13125
0 0.26015625 0.8453125 0.0953125 0.05625
0 0.3578125 0.67265625 0.0859375 0.078125
0 0.48828125 0.5015625 0.175 0.0796875
0 0.14609375 0.46484375 0.1046875 0.071875
0 0.7734375 0.36640625 0.075 0.075
1 0.48203125 0.2 0.9234375 0.3640625