1 0.3296875 0.3 0.659375 0.5984375
1 0.36328125 0.64765625 0.3890625 0.1
0 0.075 0.71953125 0.115625 0.2203125
0 0.16953125 0.81953125 0.115625 0.109375
0 0.38125 0.8859375 0.1515625 0.128125
0 0.54765625 0.91015625 0.190625 0.11875
0 0.60078125 0.64140625 0.109375 0.0734375
0 0.3078125 0.76640625 0.0265625 0.0203125
0 0.5828125 0.71796875 0.0828125 0.028125
0 0.44375 0.72109375 0.04375 0.015625
0 0.390625 0.72109375 0.0203125 0.0265625
0 0.196875 0.7203125 0.015625 0.0234375
0 0.23125 0.71328125 0.0171875 0.01875
0 0.309375 0.64140625 0.0421875 0.0484375
0 0.7859375 0.65703125 0.09375 0.0390625
0 0.75703125 0.7328125 0.01875 0.0140625
0 0.86640625 0.65078125 0.040625 0.0375
0 0.8203125 0.86875 0.1546875 0.0515625
0 0.7796875 0.94140625 0.0484375 0.0421875
0 0.8765625 0.940625 0.075 0.0484375
0 0.97578125 0.94609375 0.0484375 0.0609375
0 0.990625 0.67734375 0.01875 0.028125