0 0.21796875 0.9734375 0.04375 0.0453125
0 0.25625 0.93515625 0.0234375 0.0484375
0 0.32734375 0.86875 0.034375 0.05625
0 0.36875 0.80703125 0.04375 0.04375
0 0.41875 0.753125 0.03125 0.0546875
0 0.45703125 0.696875 0.034375 0.0515625
0 0.48046875 0.6296875 0.040625 0.0734375
0 0.5078125 0.55625 0.0171875 0.059375
0 0.51484375 0.484375 0.0234375 0.0484375
0 0.51875 0.41796875 0.0203125 0.053125
0 0.534375 0.3484375 0.0203125 0.0390625
1 0.12734375 0.4703125 0.234375 0.9328125
1 0.30859375 0.40625 0.1046875 0.8125
1 0.41015625 0.35703125 0.06875 0.7125
1 0.4765625 0.29453125 0.05625 0.5875
1 0.5453125 0.20390625 0.0546875 0.3171875