1 0.41171875 0.09296875 0.8234375 0.1859375
1 0.32578125 0.284375 0.6515625 0.2125
1 0.253125 0.4734375 0.50625 0.1765625
1 0.18828125 0.62890625 0.3765625 0.134375
1 0.1484375 0.7375 0.296875 0.09375
1 0.084375 0.85625 0.16875 0.14375
0 0.88125 0.178125 0.115625 0.1359375
0 0.8640625 0.04921875 0.096875 0.0984375
0 0.7984375 0.33359375 0.128125 0.13125
0 0.4671875 0.58671875 0.0984375 0.0671875
0 0.9078125 0.353125 0.04375 0.0390625
0 0.965625 0.29765625 0.028125 0.0546875
0 0.19609375 0.83828125 0.0484375 0.04375
0 0.2890625 0.83203125 0.0515625 0.078125
0 0.44296875 0.86484375 0.1046875 0.1609375
1 0.76015625 0.5890625 0.4796875 0.409375
1 0.45625 0.7265625 0.13125 0.115625