0 0.8515625 0.58125 0.0625 0.0515625
0 0.61953125 0.72734375 0.090625 0.0671875
0 0.77578125 0.63515625 0.0296875 0.0421875
0 0.72734375 0.7046875 0.059375 0.040625
0 0.63046875 0.57578125 0.0578125 0.084375
0 0.3203125 0.8765625 0.0296875 0.0390625
0 0.28515625 0.953125 0.0359375 0.0609375
0 0.18984375 0.953125 0.0140625 0.034375
0 0.228125 0.96484375 0.021875 0.0234375
0 0.05390625 0.70078125 0.0515625 0.075
0 0.1015625 0.5921875 0.0265625 0.05625
0 0.16328125 0.60859375 0.0359375 0.0546875
0 0.2703125 0.60703125 0.1046875 0.1296875
0 0.325 0.68828125 0.0375 0.065625
0 0.3734375 0.65078125 0.03125 0.059375
0 0.4 0.6453125 0.0296875 0.0390625
0 0.44140625 0.6265625 0.0375 0.0640625
0 0.51328125 0.75859375 0.1140625 0.0875
1 0.78203125 0.39921875 0.3984375 0.2765625
0 0.14140625 0.45234375 0.046875 0.05625
0 0.0484375 0.47734375 0.0328125 0.04375
0 0.2625 0.4203125 0.0875 0.0671875
1 0.35703125 0.78671875 0.121875 0.0828125
1 0.2515625 0.38515625 0.4609375 0.259375