0 0.03828125 0.91796875 0.0765625 0.1234375
0 0.16796875 0.7078125 0.215625 0.125
0 0.196875 0.9515625 0.171875 0.096875
0 0.503125 0.94296875 0.1828125 0.0421875
0 0.70078125 0.9265625 0.0546875 0.0234375
0 0.8140625 0.9015625 0.1296875 0.05
0 0.546875 0.61640625 0.2328125 0.1796875
0 0.5 0.76796875 0.196875 0.1234375
0 0.3921875 0.86953125 0.209375 0.0953125
0 0.3453125 0.94375 0.1265625 0.078125
0 0.3453125 0.65234375 0.1390625 0.0828125
1 0.571875 0.15390625 0.85625 0.3078125
1 0.49140625 0.42578125 0.19375 0.190625
1 0.34296875 0.56015625 0.1765625 0.10625
0 0.97578125 0.56796875 0.0484375 0.040625
0 0.13046875 0.3890625 0.053125 0.0265625
0 0.21875 0.37734375 0.071875 0.0203125
0 0.61953125 0.34921875 0.0515625 0.0453125