0 0.32734375 0.721875 0.1140625 0.1875
0 0.51953125 0.6609375 0.0984375 0.0875
0 0.725 0.453125 0.0578125 0.0765625
0 0.946875 0.28984375 0.0890625 0.06875
0 0.89453125 0.34765625 0.034375 0.0234375
0 0.80234375 0.40703125 0.028125 0.03125
0 0.8609375 0.36875 0.0234375 0.025
0 0.63671875 0.55703125 0.05 0.01875
0 0.67578125 0.51640625 0.0453125 0.03125
0 0.4953125 0.49921875 0.046875 0.053125
0 0.553125 0.4703125 0.03125 0.04375
0 0.4421875 0.52890625 0.034375 0.0484375
1 0.1390625 0.6578125 0.2703125 0.403125
1 0.5 0.125 1 0.25
1 0.44765625 0.35390625 0.809375 0.20625
1 0.34453125 0.534375 0.146875 0.1671875