1 0.47265625 0.275 0.2109375 0.1609375
1 0.74609375 0.321875 0.16875 0.24375
1 0.1765625 0.32890625 0.1515625 0.18125
1 0.3078125 0.346875 0.1109375 0.1109375
1 0.0515625 0.36796875 0.0984375 0.253125
0 0.1578125 0.45546875 0.1078125 0.0671875
0 0.81796875 0.47890625 0.0421875 0.059375
0 0.29296875 0.50703125 0.078125 0.209375
1 0.7484375 0.5234375 0.0921875 0.159375
0 0.10390625 0.528125 0.2 0.071875
0 0.44140625 0.5765625 0.1515625 0.4421875
0 0.67734375 0.74140625 0.13125 0.128125
0 0.503125 0.9 0.2828125 0.2