0 0.04921875 0.94140625 0.0984375 0.0859375
0 0.15234375 0.9015625 0.0984375 0.0796875
0 0.3359375 0.9484375 0.2671875 0.103125
0 0.3546875 0.83203125 0.0453125 0.146875
0 0.4421875 0.853125 0.0578125 0.0859375
0 0.53046875 0.95859375 0.1640625 0.0828125
0 0.6234375 0.8828125 0.046875 0.065625
0 0.69453125 0.9578125 0.1640625 0.084375
0 0.88984375 0.9359375 0.2203125 0.125
0 0.525 0.53125 0.0453125 0.1703125
0 0.82265625 0.75703125 0.01875 0.128125
0 0.675 0.81640625 0.01875 0.096875
1 0.328125 0.53515625 0.353125 0.715625
1 0.075 0.54765625 0.15 0.6515625
1 0.4921875 0.08984375 0.26875 0.1796875
1 0.29609375 0.11484375 0.1265625 0.121875
1 0.90703125 0.225 0.1828125 0.45
1 0.9546875 0.6671875 0.090625 0.43125
1 0.73671875 0.66875 0.0703125 0.465625
1 0.76953125 0.29453125 0.0984375 0.1578125