0 0.69609375 0.85390625 0.259375 0.24375
0 0.29140625 0.40546875 0.1546875 0.190625
0 0.4640625 0.828125 0.15 0.078125
0 0.53984375 0.66328125 0.0546875 0.0546875
0 0.52265625 0.7375 0.0828125 0.0453125
0 0.703125 0.64375 0.1953125 0.1140625
0 0.640625 0.56953125 0.15 0.075
0 0.421875 0.58515625 0.0890625 0.153125
0 0.18046875 0.72578125 0.1296875 0.1203125
0 0.06171875 0.21328125 0.0703125 0.0703125
0 0.08125 0.41875 0.115625 0.046875
0 0.10703125 0.46796875 0.2140625 0.0328125
0 0.4359375 0.4453125 0.1390625 0.0984375
0 0.83515625 0.3859375 0.1609375 0.115625
0 0.6921875 0.4359375 0.121875 0.0484375
0 0.97421875 0.37734375 0.0515625 0.0515625
1 0.85859375 0.5421875 0.28125 0.1640625
1 0.5 0.1640625 1 0.328125
1 0.0921875 0.36328125 0.184375 0.0671875
1 0.56171875 0.36953125 0.3875 0.0859375
1 0.5203125 0.5625 0.1046875 0.1359375
1 0.63984375 0.5 0.15 0.0578125