1 0.45390625 0.3328125 0.684375 0.665625
1 0.7859375 0.77109375 0.2421875 0.4578125
0 0.02890625 0.4625 0.0453125 0.04375
0 0.06484375 0.54140625 0.0671875 0.075
0 0.17890625 0.6140625 0.10625 0.0875
0 0.2453125 0.68359375 0.040625 0.0328125
0 0.44375 0.5359375 0.0421875 0.0734375
0 0.35546875 0.74453125 0.096875 0.0625
0 0.640625 0.46796875 0.0265625 0.040625
0 0.56328125 0.57890625 0.0234375 0.059375
0 0.77578125 0.45859375 0.034375 0.075
0 0.95546875 0.6515625 0.0890625 0.246875
0 0.97890625 0.3796875 0.0421875 0.1734375