0 0.5578125 0.34375 0.14375 0.3515625
0 0.05859375 0.34921875 0.1171875 0.121875
0 0.2671875 0.428125 0.159375 0.11875
0 0.446875 0.4859375 0.159375 0.1265625
0 0.94609375 0.32265625 0.1078125 0.2265625
0 0.7546875 0.5578125 0.1796875 0.1375
0 0.85703125 0.64375 0.13125 0.1421875
0 0.73515625 0.77890625 0.1875 0.1046875
0 0.5859375 0.89609375 0.35625 0.1296875
0 0.89609375 0.92109375 0.2078125 0.1359375
0 0.21875 0.8390625 0.4265625 0.18125
0 0.43984375 0.6734375 0.1640625 0.1109375
0 0.54765625 0.55703125 0.1609375 0.0953125
1 0.46015625 0.13984375 0.8671875 0.2796875