0 0.42890625 0.88203125 0.475 0.1328125
0 0.8390625 0.93125 0.3203125 0.13125
0 0.05234375 0.2953125 0.1046875 0.409375
0 0.08671875 0.71640625 0.1734375 0.4140625
0 0.17734375 0.4015625 0.14375 0.1421875
0 0.18984375 0.25234375 0.1390625 0.1171875
0 0.96171875 0.80234375 0.0765625 0.0921875
0 0.85703125 0.33671875 0.028125 0.0578125
0 0.934375 0.3625 0.0328125 0.0296875
0 0.31953125 0.503125 0.109375 0.2390625
0 0.34140625 0.3203125 0.078125 0.0734375
0 0.5375 0.24296875 0.040625 0.053125
1 0.86015625 0.271875 0.2796875 0.54375
0 0.3296875 0.20546875 0.084375 0.09375