0 0.13984375 0.8234375 0.0609375 0.203125
0 0.321875 0.740625 0.16875 0.1984375
0 0.715625 0.52265625 0.209375 0.13125
0 0.2609375 0.55703125 0.05 0.0671875
0 0.10234375 0.4859375 0.2046875 0.2171875
0 0.47421875 0.10546875 0.1234375 0.159375
1 0.77109375 0.27421875 0.3265625 0.2875
1 0.4015625 0.26171875 0.365625 0.1609375
0 0.41796875 0.40390625 0.146875 0.1125
0 0.28359375 0.4671875 0.203125 0.2203125
0 0.93203125 0.46640625 0.1359375 0.0890625
0 0.95625 0.6390625 0.065625 0.134375
1 0.08671875 0.1546875 0.1734375 0.309375