1 0.51640625 0.08203125 0.9640625 0.1640625
1 0.29609375 0.24453125 0.5921875 0.18125
1 0.10234375 0.46875 0.2046875 0.2640625
1 0.29609375 0.40234375 0.196875 0.134375
0 0.3375 0.5703125 0.1140625 0.165625
0 0.5109375 0.5453125 0.078125 0.0515625
0 0.515625 0.3734375 0.046875 0.0234375
0 0.5671875 0.353125 0.0515625 0.05
0 0.66171875 0.421875 0.0453125 0.0546875
0 0.7390625 0.3453125 0.0765625 0.0703125
0 0.82421875 0.28515625 0.03125 0.040625
0 0.8828125 0.2609375 0.028125 0.0453125
0 0.92109375 0.22265625 0.021875 0.0453125
0 0.96875 0.1953125 0.0625 0.05