0 0.72578125 0.615625 0.1984375 0.371875
0 0.91328125 0.65546875 0.1734375 0.3359375
0 0.50703125 0.56328125 0.234375 0.234375
0 0.27265625 0.590625 0.19375 0.1375
0 0.08203125 0.49453125 0.1640625 0.1
0 0.246875 0.42578125 0.15 0.13125
0 0.43203125 0.38203125 0.1796875 0.140625
0 0.0578125 0.7765625 0.1125 0.184375
0 0.1265625 0.65 0.046875 0.040625
0 0.153125 0.76796875 0.06875 0.1625
0 0.15234375 0.8875 0.0953125 0.046875
0 0.27421875 0.81171875 0.15625 0.1328125
0 0.36796875 0.73984375 0.0484375 0.078125
0 0.44453125 0.74375 0.0734375 0.075
0 0.4125 0.940625 0.096875 0.1140625
0 0.259375 0.90546875 0.0859375 0.0421875
0 0.4109375 0.8296875 0.1078125 0.1015625
0 0.50390625 0.86171875 0.0765625 0.0484375
0 0.5140625 0.97265625 0.0421875 0.0546875
0 0.56171875 0.91328125 0.0671875 0.0453125
0 0.665625 0.9921875 0.0359375 0.015625
0 0.70546875 0.9359375 0.028125 0.03125
0 0.8390625 0.86796875 0.090625 0.0609375
0 0.965625 0.8859375 0.06875 0.1
0 0.728125 0.85546875 0.1 0.1046875
0 0.6171875 0.8296875 0.0578125 0.0734375
0 0.6671875 0.8703125 0.0359375 0.0546875
0 0.8890625 0.9578125 0.015625 0.0234375
0 0.9078125 0.84296875 0.053125 0.0421875
1 0.54296875 0.1546875 0.4078125 0.309375
1 0.68828125 0.37734375 0.3328125 0.13125