0 0.7671875 0.25 0.1765625 0.3890625
0 0.44765625 0.83046875 0.265625 0.2296875
0 0.95390625 0.7421875 0.0921875 0.515625
0 0.86640625 0.92109375 0.2671875 0.0828125
0 0.82265625 0.63359375 0.103125 0.23125
0 0.6984375 0.671875 0.1375 0.2765625
0 0.5640625 0.39921875 0.121875 0.2109375
0 0.390625 0.4671875 0.203125 0.2484375
0 0.23359375 0.60859375 0.16875 0.2640625
0 0.05703125 0.9203125 0.1140625 0.134375
0 0.19375 0.9078125 0.0453125 0.153125
0 0.3234375 0.85546875 0.05625 0.078125
0 0.1171875 0.5125 0.0828125 0.0875
0 0.134375 0.65390625 0.0484375 0.0984375
0 0.809375 0.53671875 0.0234375 0.06875
0 0.93828125 0.36015625 0.071875 0.0921875
0 0.9359375 0.275 0.0453125 0.0515625
1 0.51875 0.14453125 0.9625 0.2890625