1 0.86640625 0.553125 0.096875 0.48125
1 0.07109375 0.5609375 0.1421875 0.578125
0 0.1828125 0.66875 0.0703125 0.2765625
0 0.275 0.79609375 0.0625 0.1046875
1 0.3484375 0.809375 0.078125 0.203125
0 0.66484375 0.81328125 0.053125 0.096875
0 0.43984375 0.82265625 0.090625 0.0734375
1 0.91640625 0.89453125 0.1671875 0.2078125
1 0.15625 0.91171875 0.3078125 0.1171875
0 0.39140625 0.9546875 0.090625 0.0890625
0 0.7046875 0.965625 0.196875 0.06875
0 0.03671875 0.9875 0.0734375 0.025
0 0.1640625 0.9890625 0.059375 0.021875