0 0.28515625 0.509375 0.0375 0.0546875
0 0.10234375 0.6890625 0.05 0.0796875
0 0.08828125 0.97578125 0.1765625 0.0484375
0 0.2375 0.88203125 0.08125 0.140625
0 0.33125 0.8109375 0.1140625 0.0453125
0 0.38046875 0.734375 0.06875 0.1140625
0 0.45078125 0.6609375 0.0734375 0.1453125
0 0.546875 0.5640625 0.1265625 0.1203125
0 0.63515625 0.50390625 0.0546875 0.0828125
0 0.68046875 0.44140625 0.034375 0.0765625
0 0.7171875 0.4171875 0.0265625 0.0625
0 0.78515625 0.35390625 0.0703125 0.0671875
0 0.8421875 0.31015625 0.04375 0.0859375
0 0.871875 0.2203125 0.0484375 0.0953125
0 0.91328125 0.17734375 0.0375 0.075
0 0.95078125 0.1234375 0.0609375 0.06875
0 0.01328125 0.56484375 0.0203125 0.0203125
0 0.359375 0.415625 0.0375 0.0453125
0 0.4796875 0.35625 0.01875 0.015625
0 0.41328125 0.49765625 0.0203125 0.0171875
0 0.365625 0.478125 0.0140625 0.01875
0 0.40625 0.29609375 0.015625 0.0203125
0 0.4078125 0.3359375 0.0125 0.0203125
0 0.45078125 0.4390625 0.015625 0.0203125
1 0.1 0.103125 0.2 0.20625
1 0.07109375 0.428125 0.1421875 0.4453125
1 0.25078125 0.49765625 0.18125 0.5
1 0.50703125 0.30234375 0.3203125 0.3234375
1 0.41015625 0.52109375 0.1484375 0.1375
1 0.3703125 0.6328125 0.0828125 0.0890625
1 0.81796875 0.09453125 0.15625 0.1703125