0 0.1421875 0.95390625 0.046875 0.0921875
0 0.39609375 0.971875 0.1109375 0.05625
0 0.53046875 0.9015625 0.1296875 0.128125
0 0.625 0.79140625 0.0703125 0.1234375
0 0.56875 0.81171875 0.0359375 0.0359375
0 0.6609375 0.4515625 0.0234375 0.025
0 0.46875 0.70234375 0.01875 0.0125
0 0.67421875 0.65390625 0.103125 0.15
0 0.7296875 0.51015625 0.059375 0.1484375
0 0.86015625 0.4046875 0.2 0.0875
1 0.37734375 0.21640625 0.7546875 0.4328125
0 0.8859375 0.22421875 0.228125 0.215625
1 0.3140625 0.71953125 0.628125 0.5609375