1 0.11796875 0.284375 0.2359375 0.56875
1 0.61796875 0.10234375 0.7640625 0.2046875
1 0.2921875 0.25859375 0.11875 0.10625
1 0.321875 0.6578125 0.1546875 0.1640625
1 0.48515625 0.68828125 0.171875 0.059375
1 0.0390625 0.60234375 0.078125 0.075
1 0.04921875 0.7328125 0.0703125 0.0671875
0 0.12734375 0.61875 0.0984375 0.0875
0 0.22109375 0.59375 0.0421875 0.0546875
0 0.31171875 0.49296875 0.1453125 0.16875
0 0.46875 0.54921875 0.0453125 0.08125
0 0.440625 0.6234375 0.0875 0.0703125
0 0.40390625 0.4671875 0.0578125 0.0921875
0 0.4421875 0.44296875 0.0359375 0.090625
1 0.45234375 0.32578125 0.190625 0.15625
1 0.29765625 0.36484375 0.121875 0.084375
1 0.61171875 0.24921875 0.1375 0.0859375
0 0.60546875 0.3328125 0.1078125 0.1078125
0 0.7546875 0.38203125 0.0671875 0.0765625
0 0.8296875 0.36875 0.0640625 0.05
0 0.9109375 0.403125 0.053125 0.096875
1 0.93046875 0.28515625 0.071875 0.140625
1 0.7828125 0.2859375 0.096875 0.096875
0 0.50859375 0.75703125 0.05 0.0734375
0 0.80546875 0.96875 0.1859375 0.04375
1 0.5375 0.9640625 0.096875 0.071875
1 0.7578125 0.90546875 0.3421875 0.0734375
1 0.59453125 0.76015625 0.121875 0.0859375
0 0.6109375 0.55234375 0.1328125 0.121875
0 0.72890625 0.634375 0.1171875 0.0484375
1 0.6421875 0.4421875 0.115625 0.0921875
0 0.56015625 0.82734375 0.04375 0.0359375
0 0.6234375 0.98828125 0.0375 0.0234375
0 0.396875 0.746875 0.05625 0.0640625
0 0.65859375 0.96015625 0.0734375 0.028125
0 0.98515625 0.31640625 0.0296875 0.08125