0 0.4734375 0.30859375 0.046875 0.109375
1 0.33828125 0.35390625 0.0546875 0.2171875
0 0.67265625 0.35703125 0.0625 0.1421875
1 0.7828125 0.35859375 0.0734375 0.0703125
1 0.56953125 0.3875 0.1421875 0.2375
0 0.2578125 0.42109375 0.1046875 0.209375
0 0.4328125 0.50859375 0.1328125 0.2859375
1 0.84140625 0.52109375 0.0578125 0.2546875
0 0.75078125 0.546875 0.1203125 0.30625
0 0.62734375 0.57265625 0.1078125 0.121875
0 0.33359375 0.57578125 0.0484375 0.0546875
0 0.48359375 0.71171875 0.1421875 0.109375
0 0.42265625 0.07421875 0.1046875 0.1375
0 0.57890625 0.80703125 0.096875 0.16875
0 0.3328125 0.85859375 0.0578125 0.203125
0 0.87734375 0.865625 0.1265625 0.240625
0 0.75390625 0.9 0.0796875 0.1953125
0 0.44375 0.90390625 0.0796875 0.1796875
0 0.55234375 0.1875 0.1609375 0.1625
1 0.40703125 0.2515625 0.08125 0.228125