1 0.625 0.25625 0.75 0.4625
0 0.14296875 0.47265625 0.1453125 0.096875
0 0.56171875 0.559375 0.221875 0.1234375
0 0.80859375 0.6 0.084375 0.0609375
0 0.7859375 0.69921875 0.0609375 0.078125
0 0.95390625 0.603125 0.0921875 0.08125
0 0.95625 0.71328125 0.0875 0.0890625
0 0.84453125 0.803125 0.1234375 0.078125
0 0.984375 0.8765625 0.03125 0.075
0 0.66328125 0.91796875 0.0625 0.1171875
0 0.48515625 0.9140625 0.09375 0.10625
0 0.60703125 0.6828125 0.0875 0.1015625
0 0.6515625 0.72734375 0.0421875 0.125
0 0.428125 0.6609375 0.075 0.10625
0 0.53515625 0.74140625 0.075 0.0765625
0 0.44296875 0.765625 0.06875 0.0671875
0 0.3046875 0.59140625 0.065625 0.0953125
0 0.4046875 0.578125 0.1046875 0.0484375
0 0.2625 0.5234375 0.065625 0.065625
0 0.35078125 0.5078125 0.1 0.0546875