0 0.08828125 0.775 0.1765625 0.45
0 0.23671875 0.834375 0.115625 0.33125
0 0.47265625 0.69921875 0.1859375 0.6015625
0 0.33828125 0.884375 0.0890625 0.23125
0 0.78203125 0.91796875 0.4359375 0.1640625
0 0.81875 0.7546875 0.3625 0.165625
0 0.88828125 0.57109375 0.2078125 0.1984375
0 0.93828125 0.3078125 0.1234375 0.31875
0 0.78515625 0.30625 0.053125 0.040625
0 0.83125 0.44921875 0.084375 0.0484375
0 0.64609375 0.5765625 0.1546875 0.2125
0 0.5421875 0.1859375 0.11875 0.2
0 0.63125 0.37734375 0.171875 0.19375
0 0.325 0.225 0.221875 0.221875
1 0.1484375 0.07109375 0.296875 0.1421875
1 0.63984375 0.0421875 0.2796875 0.084375
1 0.746875 0.1796875 0.290625 0.2046875
1 0.8015625 0.37578125 0.1703125 0.090625
1 0.753125 0.59765625 0.0625 0.14375