1 0.5 0.8375 1 0.325
0 0.16953125 0.60390625 0.30625 0.3265625
0 0.6484375 0.56484375 0.3234375 0.1734375
0 0.62109375 0.78359375 0.3796875 0.290625
0 0.9078125 0.5828125 0.13125 0.115625
1 0.75078125 0.2515625 0.3890625 0.3765625
0 0.4984375 0.95703125 0.1265625 0.0859375
0 0.15859375 0.9484375 0.2 0.0640625
0 0.07734375 0.79765625 0.140625 0.06875
0 0.25078125 0.82578125 0.096875 0.13125
0 0.7984375 0.9609375 0.1375 0.071875
0 0.90390625 0.846875 0.1265625 0.10625
0 0.8171875 0.84140625 0.1046875 0.1
0 0.90703125 0.71953125 0.1203125 0.1