0 0.89609375 0.65078125 0.2078125 0.6984375
0 0.74296875 0.78125 0.1 0.215625
0 0.57109375 0.7515625 0.109375 0.065625
0 0.6546875 0.6859375 0.06875 0.0796875
0 0.05703125 0.803125 0.1140625 0.13125
0 0.0140625 0.54296875 0.0265625 0.0328125
0 0.1640625 0.7671875 0.1 0.1171875
0 0.2484375 0.8375 0.0546875 0.053125
0 0.31796875 0.696875 0.059375 0.0328125
0 0.4328125 0.72578125 0.059375 0.065625
0 0.35546875 0.76953125 0.078125 0.1359375
0 0.28984375 0.61953125 0.13125 0.0984375
0 0.2609375 0.55625 0.0640625 0.0265625
0 0.165625 0.6078125 0.0765625 0.071875
1 0.3125 0.4515625 0.1046875 0.2
1 0.6921875 0.50546875 0.1875 0.284375
1 0.57578125 0.15078125 0.8484375 0.3015625