1 0.87421875 0.4328125 0.0515625 0.865625
1 0.70703125 0.5875 0.1375 0.490625
0 0.68984375 0.915625 0.228125 0.16875
0 0.8140625 0.60859375 0.075 0.45625
0 0.9234375 0.921875 0.153125 0.15625
0 0.2875 0.95546875 0.575 0.0890625
0 0.37734375 0.86953125 0.39375 0.078125
0 0.08828125 0.8640625 0.1765625 0.096875
0 0.10078125 0.73984375 0.053125 0.153125
0 0.30078125 0.74765625 0.0609375 0.171875
0 0.40546875 0.61015625 0.08125 0.4421875
0 0.6109375 0.6109375 0.0515625 0.45
0 0.71484375 0.2796875 0.1609375 0.1296875
0 0.76640625 0.14453125 0.05 0.0921875
0 0.778125 0.0390625 0.0390625 0.078125
0 0.57421875 0.2046875 0.1109375 0.1171875
0 0.25078125 0.3984375 0.103125 0.0703125
0 0.38515625 0.325 0.0390625 0.1125
0 0.121875 0.21015625 0.028125 0.0546875