0 0.09609375 0.62578125 0.1921875 0.1890625
0 0.465625 0.74140625 0.1671875 0.171875
0 0.72890625 0.5125 0.21875 0.3265625
0 0.20859375 0.5203125 0.190625 0.2578125
0 0.65625 0.60546875 0.309375 0.246875
1 0.81171875 0.434375 0.3765625 0.31875
1 0.3609375 0.675 0.209375 0.4515625
0 0.42734375 0.265625 0.084375 0.1
0 0.340625 0.296875 0.103125 0.1
0 0.5 0.375 0.1609375 0.0953125
0 0.54140625 0.31015625 0.0828125 0.08125
0 0.63046875 0.45234375 0.10625 0.0828125
0 0.4515625 0.478125 0.09375 0.0765625
0 0.2984375 0.4421875 0.1296875 0.0875