0 0.18828125 0.69765625 0.05625 0.078125
0 0.2734375 0.740625 0.0578125 0.1125
0 0.60859375 0.9609375 0.0328125 0.021875
0 0.63671875 0.82734375 0.0734375 0.153125
0 0.559375 0.828125 0.0203125 0.0875
0 0.5265625 0.709375 0.015625 0.0328125
0 0.7515625 0.84140625 0.1375 0.2015625
0 0.8546875 0.853125 0.0171875 0.0515625
0 0.89453125 0.93203125 0.0859375 0.046875
1 0.5 0.3265625 1 0.653125
1 0.40859375 0.77109375 0.1765625 0.246875
1 0.8359375 0.6921875 0.328125 0.0796875
1 0.9234375 0.81328125 0.1515625 0.159375