0 0.496875 0.49765625 0.54375 0.9953125
0 0.8953125 0.1921875 0.1140625 0.1359375
0 0.95859375 0.33203125 0.0453125 0.0765625
0 0.8765625 0.49609375 0.08125 0.146875
0 0.9609375 0.7296875 0.078125 0.175
0 0.96796875 0.90625 0.0640625 0.1203125
0 0.90234375 0.01015625 0.053125 0.0203125
0 0.96875 0.0984375 0.0625 0.196875
0 0.684375 0.54296875 0.1828125 0.1640625
1 0.58359375 0.77890625 0.3140625 0.4421875
1 0.60546875 0.33359375 0.2265625 0.29375
1 0.2640625 0.2546875 0.3359375 0.509375
1 0.19765625 0.7375 0.3953125 0.525