0 0.03671875 0.384375 0.0734375 0.759375
0 0.175 0.7078125 0.06875 0.0546875
0 0.1765625 0.965625 0.16875 0.06875
0 0.1140625 0.8671875 0.228125 0.0796875
0 0.31171875 0.8046875 0.3828125 0.071875
0 0.5734375 0.9203125 0.2921875 0.121875
0 0.984375 0.95703125 0.03125 0.0515625
0 0.9703125 0.87421875 0.059375 0.0453125
0 0.86953125 0.81875 0.0984375 0.1
1 0.55234375 0.384375 0.253125 0.75625
1 0.215625 0.32734375 0.2640625 0.6546875
1 0.93984375 0.38203125 0.1203125 0.7640625
1 0.86484375 0.53671875 0.0265625 0.4609375