0 0.74609375 0.15546875 0.2703125 0.3109375
0 0.396875 0.5 0.2453125 0.2109375
0 0.12265625 0.79140625 0.075 0.1984375
0 0.2171875 0.78828125 0.05625 0.2109375
0 0.31953125 0.778125 0.0703125 0.2203125
0 0.43984375 0.78671875 0.065625 0.234375
0 0.615625 0.75390625 0.1171875 0.203125
0 0.88515625 0.83203125 0.0546875 0.159375
0 0.9390625 0.85859375 0.046875 0.1359375
0 0.9421875 0.63984375 0.05625 0.1203125
0 0.8953125 0.6359375 0.0484375 0.1484375
0 0.77890625 0.59140625 0.040625 0.16875
1 0.40703125 0.30234375 0.328125 0.3390625
1 0.16796875 0.57109375 0.15 0.14375
1 0.6265625 0.5859375 0.121875 0.153125