0 0.0421875 0.3703125 0.084375 0.0765625
0 0.08671875 0.428125 0.0859375 0.05
0 0.24765625 0.32890625 0.21875 0.2046875
0 0.15390625 0.5484375 0.08125 0.0890625
0 0.23046875 0.61875 0.0734375 0.1171875
0 0.16796875 0.471875 0.0390625 0.0578125
0 0.2453125 0.46640625 0.1015625 0.05
0 0.240625 0.52890625 0.090625 0.0515625
0 0.37265625 0.53125 0.09375 0.040625
0 0.41875 0.47265625 0.075 0.05625
0 0.46640625 0.4015625 0.103125 0.0828125
0 0.55625 0.36796875 0.071875 0.0546875
0 0.54375 0.42421875 0.05 0.04375
0 0.5265625 0.52421875 0.0734375 0.046875
0 0.696875 0.5796875 0.053125 0.05
1 0.5640625 0.23046875 0.428125 0.2453125
1 0.88828125 0.2109375 0.215625 0.396875
1 0.6828125 0.434375 0.1890625 0.1609375
1 0.82734375 0.55859375 0.2078125 0.1984375
1 0.61875 0.6609375 0.21875 0.1234375
0 0.3078125 0.65 0.0515625 0.0671875
0 0.38671875 0.61015625 0.0203125 0.04375
0 0.4359375 0.6578125 0.0375 0.034375
0 0.34921875 0.77109375 0.05625 0.040625
0 0.46640625 0.85078125 0.096875 0.1
0 0.59140625 0.9 0.1328125 0.1109375
0 0.7453125 0.93046875 0.1234375 0.0578125
0 0.8953125 0.9078125 0.0890625 0.09375
0 0.8125 0.7875 0.078125 0.053125
0 0.60859375 0.7453125 0.059375 0.05
0 0.521875 0.6265625 0.0515625 0.0515625
0 0.7359375 0.78125 0.040625 0.0265625