1 0.5 0.09375 1 0.1875
1 0.134375 0.4125 0.26875 0.446875
1 0.37421875 0.23828125 0.209375 0.09375
0 0.0859375 0.7140625 0.0359375 0.09375
0 0.07890625 0.82734375 0.075 0.1015625
0 0.73203125 0.6125 0.0421875 0.0546875
0 0.8921875 0.5546875 0.0671875 0.1375
0 0.96015625 0.65 0.0375 0.0375
0 0.196875 0.7265625 0.0390625 0.046875
0 0.29375 0.5703125 0.04375 0.0390625
0 0.35234375 0.45234375 0.04375 0.0828125
0 0.51015625 0.24296875 0.0625 0.0921875
0 0.77578125 0.3859375 0.0453125 0.14375
0 0.40390625 0.3890625 0.028125 0.0328125