0 0.1140625 0.78515625 0.0578125 0.06875
0 0.89921875 0.88359375 0.0265625 0.0734375
0 0.9578125 0.91171875 0.0234375 0.053125
0 0.12109375 0.6375 0.078125 0.1515625
0 0.1984375 0.57890625 0.0703125 0.109375
0 0.034375 0.553125 0.025 0.071875
0 0.26015625 0.61796875 0.040625 0.0625
1 0.5 0.25625 1 0.5125
1 0.0640625 0.5765625 0.0375 0.128125
1 0.615625 0.54765625 0.76875 0.075
1 0.63984375 0.6296875 0.7203125 0.0921875
1 0.6796875 0.76328125 0.640625 0.171875
0 0.51015625 0.7984375 0.15625 0.1703125
0 0.3 0.69609375 0.0765625 0.0828125