0 0.96875 0.6984375 0.0625 0.075
0 0.978125 0.8296875 0.028125 0.0671875
0 0.97578125 0.76171875 0.0390625 0.03125
0 0.29296875 0.9078125 0.096875 0.134375
0 0.509375 0.75234375 0.0671875 0.1171875
0 0.71640625 0.5984375 0.0890625 0.078125
0 0.7828125 0.5796875 0.0203125 0.0671875
0 0.83046875 0.56171875 0.0546875 0.078125
0 0.94609375 0.53515625 0.0859375 0.090625
1 0.0609375 0.85078125 0.090625 0.15625
1 0.19375 0.71953125 0.146875 0.2359375
1 0.51328125 0.90546875 0.0875 0.125
0 0.69296875 0.74921875 0.053125 0.14375
0 0.62734375 0.896875 0.1015625 0.1
1 0.18125 0.90859375 0.115625 0.1140625
1 0.215625 0.53515625 0.121875 0.125
1 0.74375 0.165625 0.134375 0.33125
1 0.96796875 0.23125 0.0640625 0.459375