0 0.3671875 0.8609375 0.0484375 0.0453125
0 0.3578125 0.7890625 0.0234375 0.025
0 0.4578125 0.86484375 0.03125 0.0234375
0 0.64375 0.67578125 0.115625 0.159375
0 0.64296875 0.8375 0.0421875 0.059375
0 0.77109375 0.753125 0.0328125 0.0828125
0 0.89375 0.78671875 0.084375 0.04375
0 0.7390625 0.865625 0.065625 0.0359375
0 0.65234375 0.57421875 0.0296875 0.0515625
0 0.07578125 0.4984375 0.0125 0.015625
0 0.24453125 0.54140625 0.0484375 0.04375
0 0.2828125 0.48046875 0.021875 0.04375
1 0.5 0.23046875 1 0.4609375
1 0.09765625 0.56328125 0.1953125 0.2203125
1 0.44921875 0.521875 0.234375 0.121875
0 0.48984375 0.72421875 0.059375 0.0671875