0 0.06015625 0.778125 0.1203125 0.1046875
0 0.246875 0.6171875 0.0328125 0.096875
0 0.59140625 0.57109375 0.2109375 0.146875
0 0.740625 0.56640625 0.075 0.1421875
0 0.48125 0.89609375 0.284375 0.134375
0 0.46953125 0.79921875 0.0640625 0.065625
0 0.6984375 0.89609375 0.075 0.084375
0 0.95546875 0.86875 0.0890625 0.075
0 0.534375 0.7140625 0.209375 0.08125
0 0.93359375 0.96953125 0.1328125 0.0609375
0 0.6859375 0.80625 0.1265625 0.03125
0 0.6609375 0.77421875 0.0515625 0.028125
0 0.78046875 0.7453125 0.1515625 0.0640625
0 0.84296875 0.603125 0.0453125 0.0484375
0 0.9796875 0.5640625 0.040625 0.040625
0 0.98203125 0.66953125 0.03125 0.0234375
0 0.7859375 0.6609375 0.14375 0.0359375
1 0.12421875 0.915625 0.215625 0.16875
1 0.1671875 0.709375 0.1203125 0.240625
1 0.05546875 0.50625 0.1109375 0.4359375
1 0.40078125 0.3015625 0.09375 0.6015625
0 0.40390625 0.62421875 0.028125 0.0328125
1 0.68203125 0.32421875 0.378125 0.3421875
1 0.97265625 0.34921875 0.0546875 0.3859375
1 0.83359375 0.53515625 0.0828125 0.0890625
1 0.21875 0.47578125 0.1625 0.225