0 0.15625 0.41015625 0.1578125 0.54375
0 0.30234375 0.765625 0.134375 0.1515625
0 0.428125 0.90390625 0.1109375 0.1140625
0 0.6421875 0.96953125 0.315625 0.0609375
0 0.68515625 0.91484375 0.065625 0.05
0 0.6859375 0.84296875 0.0359375 0.0546875
0 0.85078125 0.98359375 0.0953125 0.0328125
0 0.9609375 0.925 0.0671875 0.15
0 0.90078125 0.77578125 0.0875 0.1421875
0 0.79375 0.61640625 0.1359375 0.165625
0 0.69375 0.45625 0.1 0.178125
0 0.57890625 0.48359375 0.0984375 0.0640625
0 0.65078125 0.60859375 0.025 0.021875
0 0.5515625 0.14296875 0.1765625 0.2859375
1 0.3828125 0.4453125 0.271875 0.46875
1 0.51953125 0.76875 0.3046875 0.15
1 0.5734375 0.8953125 0.175 0.0890625
1 0.8046875 0.8296875 0.1890625 0.2421875
1 0.73984375 0.225 0.1875 0.2703125
1 0.87265625 0.45390625 0.2546875 0.1796875
1 0.9359375 0.615625 0.128125 0.14375