0 0.0671875 0.74140625 0.021875 0.0703125
0 0.1046875 0.81796875 0.0265625 0.0390625
0 0.22734375 0.7765625 0.0171875 0.0984375
0 0.40625 0.7953125 0.0140625 0.11875
0 0.40625 0.6625 0.0171875 0.04375
0 0.53984375 0.6875 0.04375 0.0234375
0 0.56015625 0.76484375 0.021875 0.0609375
1 0.45703125 0.96953125 0.2578125 0.0609375
0 0.78359375 0.98515625 0.0328125 0.0296875
0 0.72109375 0.81640625 0.0625 0.0234375
0 0.834375 0.790625 0.109375 0.075
0 0.5875 0.85078125 0.025 0.03125
0 0.80546875 0.6796875 0.028125 0.0609375
0 0.940625 0.83203125 0.078125 0.046875
1 0.55390625 0.3140625 0.8921875 0.628125
1 0.46796875 0.94609375 0.3125 0.1078125