1 0.009375 0.92578125 0.0171875 0.0296875
1 0.08671875 0.90625 0.0390625 0.05
1 0.159375 0.9078125 0.021875 0.046875
0 0.221875 0.85625 0.0328125 0.028125
0 0.2125 0.915625 0.0203125 0.0265625
0 0.3921875 0.9046875 0.0234375 0.059375
0 0.56484375 0.87890625 0.1796875 0.1640625
0 0.5359375 0.42578125 0.090625 0.2015625
0 0.509375 0.67421875 0.05 0.0734375
1 0.24453125 0.33828125 0.475 0.65625
1 0.6546875 0.16640625 0.315625 0.325
1 0.69765625 0.56171875 0.221875 0.453125
1 0.71015625 0.85859375 0.084375 0.1171875
1 0.53046875 0.5828125 0.084375 0.10625