0 0.11171875 0.7421875 0.2234375 0.171875
0 0.13828125 0.9234375 0.275 0.153125
0 0.309375 0.99296875 0.03125 0.0140625
0 0.39609375 0.98984375 0.0421875 0.0203125
0 0.3328125 0.76171875 0.215625 0.1125
0 0.65625 0.8109375 0.30625 0.125
0 0.91953125 0.8796875 0.0328125 0.0234375
0 0.034375 0.26328125 0.0421875 0.171875
0 0.075 0.36640625 0.0125 0.046875
0 0.0859375 0.20390625 0.021875 0.0265625
1 0.1515625 0.5625 0.303125 0.18125
1 0.1515625 0.23671875 0.303125 0.4734375
1 0.45859375 0.34921875 0.2984375 0.6984375
1 0.8015625 0.44921875 0.35625 0.603125
1 0.91484375 0.83359375 0.1703125 0.1734375