1 0.88671875 0.8109375 0.2265625 0.378125
1 0.596875 0.3734375 0.803125 0.746875
1 0.3890625 0.56328125 0.778125 0.8734375
0 0.05234375 0.3859375 0.1046875 0.6203125
0 0.14765625 0.6375 0.1671875 0.2875
0 0.646875 0.92578125 0.70625 0.1484375
0 0.49453125 0.15859375 0.2546875 0.3171875
0 0.615625 0.4390625 0.14375 0.2546875
0 0.77578125 0.58046875 0.24375 0.2984375
0 0.50625 0.4859375 0.0921875 0.078125
0 0.4875 0.75078125 0.103125 0.0609375
0 0.6421875 0.88046875 0.0796875 0.1515625
0 0.621875 0.6234375 0.109375 0.059375
0 0.465625 0.5875 0.046875 0.0359375
0 0.38359375 0.19375 0.071875 0.065625