0 0.06640625 0.31875 0.0921875 0.1328125
0 0.08359375 0.4359375 0.1125 0.065625
0 0.03203125 0.52734375 0.03125 0.05
0 0.090625 0.51796875 0.0265625 0.0421875
0 0.13828125 0.625 0.065625 0.153125
0 0.0421875 0.68203125 0.084375 0.1609375
0 0.1921875 0.84609375 0.040625 0.0375
0 0.3484375 0.871875 0.0546875 0.04375
0 0.465625 0.67265625 0.0703125 0.096875
0 0.20078125 0.575 0.034375 0.0890625
0 0.275 0.6015625 0.0265625 0.0859375
0 0.371875 0.59296875 0.1234375 0.090625
0 0.8078125 0.87578125 0.296875 0.2484375
1 0.4484375 0.1265625 0.896875 0.253125
1 0.57421875 0.40078125 0.8515625 0.29375
1 0.2984375 0.72890625 0.2484375 0.203125