0 0.1609375 0.875 0.321875 0.0765625
0 0.39375 0.9046875 0.128125 0.190625
0 0.8265625 0.89921875 0.271875 0.10625
0 0.52578125 0.403125 0.090625 0.0984375
0 0.378125 0.44921875 0.0765625 0.0546875
0 0.190625 0.40703125 0.1734375 0.090625
0 0.1171875 0.50078125 0.1140625 0.1203125
0 0.81640625 0.72421875 0.0640625 0.059375
0 0.81328125 0.534375 0.0671875 0.059375
0 0.75625 0.5953125 0.05625 0.065625
0 0.49765625 0.6046875 0.0671875 0.06875
0 0.66796875 0.67421875 0.1359375 0.1390625
1 0.78359375 0.34296875 0.4078125 0.265625
1 0.6953125 0.11640625 0.609375 0.1703125