0 0.0609375 0.95390625 0.121875 0.0921875
0 0.97421875 0.86484375 0.0515625 0.0984375
0 0.26875 0.778125 0.165625 0.0671875
0 0.128125 0.76484375 0.0453125 0.0359375
0 0.51015625 0.896875 0.5625 0.20625
0 0.859375 0.9078125 0.1140625 0.1328125
1 0.328125 0.7015625 0.65625 0.1890625
1 0.16875 0.2421875 0.3375 0.484375
1 0.5625 0.26640625 0.3875 0.5234375
1 0.88984375 0.29609375 0.2203125 0.584375
0 0.46796875 0.6625 0.2203125 0.08125
0 0.29375 0.7078125 0.115625 0.0671875
0 0.4 0.71875 0.03125 0.028125
0 0.1796875 0.58125 0.359375 0.2296875
0 0.3546875 0.3765625 0.0515625 0.4984375
0 0.41328125 0.5171875 0.071875 0.1734375
0 0.62890625 0.525 0.303125 0.178125
0 0.7921875 0.39296875 0.0609375 0.396875
0 0.89609375 0.59453125 0.2078125 0.203125
0 0.6828125 0.68125 0.2078125 0.1453125
0 0.52578125 0.74296875 0.0515625 0.065625