1 0.009375 0.9265625 0.015625 0.028125
1 0.0859375 0.90625 0.0375 0.0484375
1 0.159375 0.9078125 0.0203125 0.0453125
0 0.221875 0.85625 0.03125 0.028125
0 0.2125 0.915625 0.01875 0.025
0 0.3921875 0.9046875 0.0234375 0.0578125
0 0.565625 0.8796875 0.178125 0.1625
0 0.5359375 0.4265625 0.0890625 0.2
0 0.509375 0.675 0.0484375 0.071875
1 0.2453125 0.3375 0.475 0.65625
1 0.6546875 0.165625 0.315625 0.3234375
1 0.6984375 0.5609375 0.2203125 0.453125
1 0.7109375 0.8578125 0.084375 0.115625
1 0.53125 0.5828125 0.0828125 0.10625