1 0.0375 0.490625 0.0703125 0.26875
1 0.24609375 0.46953125 0.1484375 0.2171875
1 0.93359375 0.884375 0.1328125 0.23125
1 0.51953125 0.56953125 0.0609375 0.1953125
1 0.38515625 0.4859375 0.046875 0.1578125
0 0.47265625 0.40703125 0.1234375 0.1203125
0 0.35390625 0.35859375 0.1046875 0.115625
1 0.73984375 0.70390625 0.1046875 0.184375
1 0.61328125 0.596875 0.1125 0.1953125
1 0.34375 0.49296875 0.0421875 0.14375
0 0.103125 0.33125 0.16875 0.078125
1 0.503125 0.16796875 0.99375 0.321875
1 0.784375 0.41484375 0.43125 0.1609375
1 0.8640625 0.56484375 0.271875 0.1
1 0.12890625 0.4671875 0.1 0.175
1 0.4546875 0.5265625 0.0734375 0.1015625
1 0.83359375 0.70625 0.0671875 0.171875