0 0.36875 0.303125 0.06875 0.11875
0 0.28515625 0.53671875 0.0390625 0.1609375
0 0.26015625 0.94140625 0.0546875 0.1078125
1 0.3015625 0.78828125 0.096875 0.1640625
1 0.89140625 0.0921875 0.2140625 0.184375
1 0.92578125 0.31953125 0.1484375 0.3484375
1 0.934375 0.5984375 0.13125 0.25
1 0.55 0.109375 0.421875 0.190625
1 0.103125 0.28359375 0.20625 0.5671875
1 0.7375 0.7625 0.075 0.44375
1 0.8125 0.7578125 0.075 0.484375
1 0.6640625 0.7828125 0.084375 0.434375
1 0.4046875 0.72109375 0.071875 0.5578125
1 0.51484375 0.26171875 0.0984375 0.5234375
1 0.71015625 0.22734375 0.0734375 0.4546875
1 0.290625 0.1640625 0.103125 0.25625
1 0.115625 0.78359375 0.23125 0.4328125