0 0.7234375 0.4421875 0.1578125 0.09375
0 0.86953125 0.43984375 0.071875 0.0453125
0 0.1828125 0.5109375 0.0578125 0.0671875
0 0.31875 0.5046875 0.1390625 0.1171875
0 0.5234375 0.47265625 0.153125 0.1015625
0 0.49609375 0.59765625 0.0328125 0.0296875
0 0.1421875 0.62734375 0.0765625 0.05625
0 0.30546875 0.6015625 0.1296875 0.0609375
0 0.73671875 0.5234375 0.078125 0.0484375
1 0.22734375 0.21875 0.1734375 0.4375
1 0.04765625 0.29453125 0.0953125 0.35
1 0.42421875 0.1171875 0.125 0.228125
1 0.75234375 0.2703125 0.096875 0.2359375
1 0.9703125 0.35703125 0.059375 0.2375
1 0.5765625 0.23359375 0.0671875 0.3625
1 0.65859375 0.2796875 0.0359375 0.2203125