0 0.02421875 0.5234375 0.0484375 0.0796875
0 0.07421875 0.50078125 0.0203125 0.015625
0 0.06953125 0.5359375 0.009375 0.015625
0 0.9375 0.2359375 0.0671875 0.0546875
0 0.45 0.51875 0.0578125 0.075
0 0.50859375 0.5234375 0.0078125 0.009375
0 0.525 0.52109375 0.0109375 0.0125
0 0.5484375 0.5140625 0.00625 0.0125
0 0.6125 0.55546875 0.0125 0.028125
0 0.6171875 0.50703125 0.015625 0.0234375
0 0.59453125 0.509375 0.0203125 0.040625
0 0.50390625 0.48359375 0.0390625 0.0140625
1 0.73203125 0.25 0.5359375 0.5