0 0.11171875 0.17421875 0.109375 0.159375
0 0.5859375 0.48828125 0.1140625 0.215625
0 0.5375 0.7171875 0.2625 0.175
0 0.54140625 0.534375 0.2375 0.10625
1 0.86796875 0.2390625 0.2640625 0.478125
1 0.75390625 0.1734375 0.4921875 0.346875
1 0.9109375 0.396875 0.178125 0.79375
0 0.3328125 0.284375 0.1703125 0.153125
1 0.7546875 0.240625 0.490625 0.48125
1 0.10390625 0.13984375 0.2078125 0.2796875
1 0.79296875 0.2265625 0.4140625 0.4515625
1 0.71640625 0.75234375 0.3921875 0.165625
0 0.6234375 0.7 0.090625 0.1296875
0 0.48125 0.7375 0.1453125 0.1265625
0 0.6234375 0.94140625 0.071875 0.090625
1 0.60390625 0.8296875 0.1171875 0.15