0 0.1640625 0.66796875 0.1203125 0.0859375
0 0.19375 0.5484375 0.071875 0.15625
0 0.3828125 0.64453125 0.075 0.14375
0 0.63125 0.509375 0.1296875 0.184375
0 0.6921875 0.64453125 0.14375 0.08125
1 0.275 0.33359375 0.2046875 0.259375
1 0.2671875 0.509375 0.078125 0.1015625
1 0.7234375 0.29921875 0.1203125 0.24375
1 0.85 0.18046875 0.146875 0.340625
1 0.64765625 0.390625 0.0359375 0.059375
1 0.46640625 0.534375 0.09375 0.24375
1 0.5296875 0.1375 0.096875 0.1625
1 0.740625 0.5109375 0.0921875 0.184375