0 0.5375 0.7203125 0.1640625 0.159375
0 0.35234375 0.17265625 0.2359375 0.2140625
0 0.41796875 0.45234375 0.175 0.334375
0 0.6640625 0.68203125 0.1171875 0.2828125
0 0.871875 0.83671875 0.171875 0.1671875
1 0.5296875 0.13984375 0.1140625 0.2796875
1 0.55625 0.465625 0.096875 0.3515625
1 0.63984375 0.36015625 0.1140625 0.3625
1 0.79453125 0.6453125 0.1359375 0.2171875
1 0.1484375 0.08671875 0.171875 0.1734375
1 0.35546875 0.03359375 0.2359375 0.0671875
1 0.2421875 0.25 0.0671875 0.1484375
1 0.28203125 0.38203125 0.0921875 0.1875