0 0.6765625 0.7109375 0.0671875 0.1625
0 0.18984375 0.515625 0.05 0.146875
0 0.24921875 0.640625 0.11875 0.1125
0 0.3171875 0.40703125 0.1234375 0.121875
0 0.34140625 0.54921875 0.059375 0.1921875
0 0.42109375 0.4875 0.059375 0.19375
1 0.246875 0.1890625 0.2734375 0.328125
1 0.18359375 0.39609375 0.1359375 0.096875
1 0.140625 0.521875 0.0390625 0.1703125
1 0.5953125 0.278125 0.384375 0.55625
1 0.846875 0.2375 0.1140625 0.475
0 0.253125 0.4859375 0.015625 0.0265625
1 0.2640625 0.5125 0.0953125 0.1515625
1 0.61640625 0.6765625 0.0390625 0.2375
1 0.709375 0.60546875 0.140625 0.1484375