0 0.9671875 0.44453125 0.065625 0.1609375
0 0.23828125 0.70859375 0.1046875 0.2015625
0 0.41640625 0.79609375 0.0578125 0.0703125
0 0.81875 0.53984375 0.159375 0.2265625
0 0.4359375 0.64453125 0.15625 0.2140625
0 0.46484375 0.409375 0.0890625 0.19375
0 0.60390625 0.2390625 0.1546875 0.18125
1 0.15546875 0.234375 0.1890625 0.3125
1 0.3484375 0.10234375 0.0875 0.1953125
1 0.71328125 0.08359375 0.5328125 0.1046875
1 0.3390625 0.371875 0.090625 0.253125
1 0.2015625 0.484375 0.10625 0.134375
1 0.865625 0.23984375 0.26875 0.2484375
0 0.3203125 0.90703125 0.234375 0.1140625