0 0.14609375 0.59453125 0.053125 0.0921875
0 0.5 0.6203125 0.04375 0.08125
0 0.3828125 0.6015625 0.05 0.0828125
0 0.259375 0.59375 0.0390625 0.08125
0 0.265625 0.8546875 0.0546875 0.0828125
0 0.38671875 0.86796875 0.0515625 0.10625
0 0.49765625 0.853125 0.0515625 0.090625
0 0.61015625 0.865625 0.04375 0.0875
0 0.8109375 0.86484375 0.0484375 0.103125
0 0.92265625 0.8625 0.046875 0.090625
0 0.70546875 0.62734375 0.25 0.2015625
1 0.784375 0.3484375 0.43125 0.46875
0 0.29140625 0.38515625 0.5796875 0.2015625
0 0.03515625 0.58359375 0.04375 0.096875
0 0.03359375 0.84375 0.05625 0.10625
0 0.14609375 0.83984375 0.04375 0.090625