0 0.88046875 0.52734375 0.2390625 0.290625
0 0.93671875 0.30078125 0.1265625 0.1640625
0 0.63125 0.64921875 0.08125 0.071875
0 0.71953125 0.66484375 0.0421875 0.059375
0 0.58671875 0.35546875 0.0984375 0.240625
0 0.69453125 0.34765625 0.10625 0.0921875
0 0.7859375 0.29921875 0.0796875 0.1140625
0 0.6828125 0.18359375 0.078125 0.0890625
1 0.53515625 0.11328125 0.240625 0.2265625
1 0.82578125 0.0703125 0.3453125 0.140625
1 0.86015625 0.18046875 0.2796875 0.0875
1 0.85078125 0.28359375 0.0484375 0.125