0 0.6296875 0.66015625 0.146875 0.18125
0 0.26875 0.65078125 0.1546875 0.1453125
1 0.85546875 0.33359375 0.1421875 0.2671875
1 0.66328125 0.253125 0.1046875 0.3859375
1 0.415625 0.303125 0.071875 0.315625
1 0.271875 0.3640625 0.084375 0.23125
0 0.61015625 0.47578125 0.1359375 0.1546875
0 0.5109375 0.6125 0.078125 0.240625
0 0.78515625 0.709375 0.0796875 0.1140625
0 0.8953125 0.61171875 0.06875 0.1328125
0 0.8671875 0.45625 0.1734375 0.1265625
0 0.96796875 0.62265625 0.0640625 0.1796875
0 0.45 0.47265625 0.0578125 0.1046875
0 0.38984375 0.63828125 0.06875 0.109375
0 0.634375 0.37734375 0.0625 0.078125
0 0.74296875 0.540625 0.0578125 0.1734375
0 0.796875 0.58828125 0.1109375 0.0765625