0 0.33203125 0.5015625 0.078125 0.0765625
0 0.2265625 0.4734375 0.05 0.059375
0 0.5265625 0.43984375 0.0625 0.090625
0 0.421875 0.43359375 0.04375 0.0453125
0 0.55234375 0.521875 0.059375 0.0671875
0 0.48125 0.49140625 0.065625 0.0734375
0 0.47890625 0.5796875 0.0515625 0.0578125
0 0.56328125 0.59296875 0.06875 0.0625
0 0.7265625 0.47890625 0.053125 0.0484375
0 0.77578125 0.5328125 0.053125 0.078125
0 0.76640625 0.66328125 0.0546875 0.040625
0 0.3171875 0.61484375 0.0390625 0.10625
1 0.390625 0.10234375 0.36875 0.2046875
1 0.4875 0.303125 0.59375 0.190625