1 0.3625 0.13203125 0.5375 0.2015625
1 0.4484375 0.30625 0.6375 0.1703125
1 0.26015625 0.42578125 0.2125 0.0953125
0 0.5171875 0.434375 0.0765625 0.0828125
0 0.71640625 0.4375 0.0734375 0.0453125
0 0.56015625 0.50859375 0.075 0.0671875
0 0.47578125 0.5046875 0.059375 0.0390625
0 0.34921875 0.534375 0.0734375 0.075
0 0.39765625 0.44296875 0.0296875 0.0375
0 0.22421875 0.521875 0.06875 0.0828125
0 0.17265625 0.61640625 0.05625 0.0609375
0 0.28515625 0.6234375 0.0796875 0.040625
0 0.48671875 0.5890625 0.0515625 0.053125
0 0.5625 0.5828125 0.05 0.0359375