0 0.7265625 0.3234375 0.534375 0.359375
1 0.50234375 0.15546875 0.9953125 0.3109375
1 0.2515625 0.38671875 0.39375 0.2140625
0 0.06796875 0.73671875 0.0234375 0.0609375
0 0.15703125 0.74375 0.0375 0.059375
0 0.23984375 0.740625 0.025 0.0703125
0 0.32734375 0.7421875 0.03125 0.06875
0 0.4265625 0.7546875 0.0453125 0.071875
0 0.52421875 0.74296875 0.0359375 0.075
0 0.63046875 0.7453125 0.04375 0.0609375
0 0.7390625 0.75390625 0.0671875 0.096875
0 0.84375 0.75078125 0.053125 0.0859375
0 0.959375 0.753125 0.0421875 0.0765625