0 0.6578125 0.92734375 0.3328125 0.1453125
0 0.70078125 0.68203125 0.2421875 0.34375
0 0.8140625 0.44609375 0.1453125 0.2015625
0 0.83125 0.27265625 0.075 0.15625
0 0.84453125 0.64140625 0.05625 0.1765625
0 0.4640625 0.97109375 0.05625 0.0546875
0 0.93046875 0.959375 0.0234375 0.075
1 0.7703125 0.09765625 0.459375 0.1953125
1 0.68984375 0.2703125 0.2078125 0.15
1 0.93359375 0.2703125 0.1328125 0.146875
1 0.94296875 0.55234375 0.1140625 0.4140625
1 0.88203125 0.6578125 0.01875 0.2078125
1 0.6828125 0.43046875 0.11875 0.1609375