0 0.3421875 0.45625 0.0765625 0.08125
0 0.24609375 0.40703125 0.059375 0.075
0 0.16015625 0.4546875 0.0703125 0.0703125
0 0.2484375 0.5234375 0.0625 0.0546875
0 0.3109375 0.5484375 0.0671875 0.0640625
0 0.4671875 0.57421875 0.046875 0.0546875
0 0.5359375 0.60625 0.0609375 0.075
0 0.47578125 0.48515625 0.059375 0.0609375
0 0.34765625 0.4625 0.0703125 0.0859375
0 0.55 0.5125 0.046875 0.084375
0 0.528125 0.4328125 0.0515625 0.0859375
0 0.71953125 0.528125 0.053125 0.0625
0 0.4359375 0.421875 0.0546875 0.04375
1 0.496875 0.0859375 0.4390625 0.171875
1 0.53984375 0.28515625 0.58125 0.203125