1 0.96171875 0.48828125 0.0765625 0.4625
1 0.44765625 0.24296875 0.265625 0.48125
1 0.75 0.1890625 0.3765625 0.378125
1 0.20078125 0.17421875 0.2484375 0.3390625
0 0.30078125 0.578125 0.021875 0.071875
0 0.33828125 0.5796875 0.0234375 0.0859375
0 0.371875 0.5640625 0.021875 0.075
0 0.41171875 0.5859375 0.028125 0.109375
0 0.44921875 0.5890625 0.0265625 0.10625
0 0.48671875 0.596875 0.028125 0.1171875
0 0.525 0.59296875 0.03125 0.121875
0 0.56328125 0.59921875 0.0265625 0.13125
0 0.6015625 0.5984375 0.03125 0.1265625
0 0.63828125 0.5984375 0.028125 0.1359375
0 0.6765625 0.6046875 0.0203125 0.125
0 0.7140625 0.6125 0.025 0.1296875