0 0.44765625 0.7203125 0.1 0.1171875
1 0.54296875 0.46640625 0.2015625 0.3234375
1 0.88203125 0.35546875 0.2109375 0.35625
1 0.3140625 0.4359375 0.2015625 0.70625
1 0.43671875 0.278125 0.3140625 0.45625
0 0.778125 0.79921875 0.06875 0.0953125
0 0.96640625 0.75625 0.0671875 0.0828125
0 0.68984375 0.66015625 0.1609375 0.140625
0 0.92109375 0.6453125 0.08125 0.1171875
0 0.8296875 0.63515625 0.0625 0.1046875
0 0.525 0.86171875 0.0703125 0.0953125
0 0.50390625 0.6171875 0.0703125 0.10625
0 0.565625 0.76484375 0.0703125 0.11875