0 0.42109375 0.471875 0.2734375 0.125
0 0.28125 0.55625 0.0140625 0.040625
0 0.30546875 0.55859375 0.01875 0.0375
0 0.33125 0.559375 0.0171875 0.034375
0 0.35546875 0.56640625 0.015625 0.0328125
0 0.378125 0.56484375 0.0125 0.03125
0 0.42421875 0.575 0.015625 0.0390625
0 0.4453125 0.5765625 0.0140625 0.0359375
0 0.4921875 0.57578125 0.0109375 0.0234375
0 0.51015625 0.578125 0.0109375 0.03125
0 0.5296875 0.5828125 0.0125 0.028125
0 0.5734375 0.59296875 0.015625 0.046875
1 0.6203125 0.325 0.1296875 0.65
1 0.37109375 0.23828125 0.3453125 0.4765625