0 0.7234375 0.225 0.24375 0.2625
0 0.2515625 0.11640625 0.0390625 0.0390625
0 0.178125 0.1875 0.03125 0.0265625
0 0.296875 0.234375 0.0296875 0.0265625
0 0.34140625 0.30390625 0.04375 0.1171875
0 0.71015625 0.7859375 0.5 0.2484375
0 0.32109375 0.90234375 0.284375 0.0484375
1 0.70546875 0.56640625 0.490625 0.18125
1 0.77890625 0.09140625 0.3125 0.103125
1 0.32421875 0.06640625 0.3015625 0.065625
1 0.4 0.234375 0.1265625 0.36875
0 0.16796875 0.2703125 0.0296875 0.0203125
0 0.2515625 0.31640625 0.040625 0.0921875