0 0.6765625 0.14453125 0.0796875 0.1140625
0 0.6921875 0.26171875 0.0671875 0.0828125
0 0.703125 0.44609375 0.1015625 0.2546875
0 0.7078125 0.7046875 0.10625 0.2
0 0.6921875 0.90390625 0.065625 0.1703125
0 0.5671875 0.89765625 0.0390625 0.0515625
0 0.56953125 0.79296875 0.028125 0.0578125
0 0.56953125 0.3921875 0.03125 0.0390625
0 0.5328125 0.2453125 0.10625 0.1015625
1 0.47734375 0.83515625 0.1390625 0.2984375
1 0.865625 0.49140625 0.2578125 0.98125
1 0.37265625 0.3265625 0.2171875 0.6265625
0 0.50859375 0.015625 0.0484375 0.03125
0 0.3921875 0.68359375 0.0546875 0.0625
0 0.3765625 0.9671875 0.0453125 0.04375
0 0.259375 0.646875 0.0296875 0.059375