0 0.02890625 0.77890625 0.0578125 0.15
0 0.0640625 0.5515625 0.128125 0.103125
0 0.071875 0.1765625 0.1375 0.16875
0 0.25625 0.33046875 0.084375 0.0609375
0 0.3375 0.2015625 0.125 0.0703125
0 0.521875 0.21875 0.128125 0.10625
0 0.603125 0.26171875 0.025 0.0515625
0 0.5 0.3328125 0.04375 0.084375
0 0.5796875 0.3390625 0.103125 0.0859375
0 0.69453125 0.3390625 0.1203125 0.0671875
0 0.69921875 0.4640625 0.115625 0.159375
0 0.5046875 0.46484375 0.040625 0.075
0 0.5796875 0.5296875 0.0890625 0.053125
0 0.78515625 0.37109375 0.0265625 0.0390625
0 0.9125 0.3640625 0.071875 0.0515625
1 0.328125 0.09140625 0.6546875 0.178125