0 0.18828125 0.309375 0.3765625 0.3765625
0 0.83671875 0.1984375 0.3265625 0.396875
0 0.81953125 0.59296875 0.1140625 0.1703125
0 0.35859375 0.8390625 0.190625 0.2875
0 0.59375 0.77421875 0.2359375 0.1765625
0 0.43828125 0.22421875 0.1296875 0.0984375
0 0.50859375 0.06015625 0.2453125 0.1203125
0 0.1578125 0.86484375 0.071875 0.15
0 0.1703125 0.63125 0.1453125 0.0953125
0 0.43671875 0.6078125 0.1265625 0.1109375
0 0.65859375 0.6015625 0.11875 0.040625
0 0.553125 0.4671875 0.0375 0.01875
0 0.4765625 0.390625 0.015625 0.0578125