0 0.428125 0.36171875 0.0296875 0.0875
0 0.5203125 0.37265625 0.0515625 0.084375
0 0.58515625 0.40234375 0.0453125 0.0765625
0 0.66484375 0.4109375 0.0359375 0.075
0 0.58203125 0.265625 0.0484375 0.0984375
0 0.66015625 0.28984375 0.0515625 0.0875
0 0.74140625 0.25859375 0.059375 0.096875
0 0.6390625 0.12734375 0.159375 0.1421875
0 0.4125 0.15390625 0.0796875 0.0875
1 0.5046875 0.17421875 0.0921875 0.1640625
1 0.2921875 0.11640625 0.1375 0.2328125
1 0.56640625 0.04296875 0.409375 0.0796875
0 0.5640625 0.6515625 0.1453125 0.0796875