0 0.03125 0.78359375 0.0625 0.1421875
0 0.05625 0.5421875 0.1125 0.1125
0 0.0515625 0.15390625 0.103125 0.103125
0 0.12109375 0.225 0.0265625 0.040625
0 0.25 0.32421875 0.075 0.0453125
0 0.35703125 0.20078125 0.0890625 0.0625
0 0.51796875 0.21875 0.0984375 0.0796875
0 0.5984375 0.2640625 0.0359375 0.0515625
0 0.49609375 0.33203125 0.0515625 0.0703125
0 0.5796875 0.32421875 0.1078125 0.053125
0 0.5 0.46484375 0.04375 0.0609375
0 0.6984375 0.3453125 0.128125 0.0640625
0 0.5765625 0.53359375 0.090625 0.0390625
0 0.6890625 0.4953125 0.1328125 0.096875
0 0.91484375 0.365625 0.065625 0.053125
0 0.7828125 0.36796875 0.028125 0.040625
0 0.8015625 0.3328125 0.0515625 0.0296875