0 0.4046875 0.4484375 0.040625 0.240625
0 0.5984375 0.56953125 0.2109375 0.228125
0 0.37890625 0.85078125 0.190625 0.0578125
0 0.509375 0.85546875 0.0296875 0.040625
0 0.6984375 0.8375 0.059375 0.0359375
0 0.359375 0.6046875 0.0390625 0.071875
0 0.3296875 0.72109375 0.021875 0.0671875
0 0.0359375 0.54453125 0.0671875 0.103125
0 0.28359375 0.571875 0.0640625 0.0671875
0 0.0984375 0.68515625 0.0484375 0.11875
0 0.16328125 0.353125 0.146875 0.0625
0 0.53359375 0.646875 0.321875 0.3109375
1 0.4734375 0.3125 0.25625 0.228125
1 0.35234375 0.33046875 0.678125 0.275
1 0.4484375 0.18984375 0.7890625 0.3796875