0 0.81015625 0.27890625 0.3046875 0.38125
0 0.77265625 0.83046875 0.2359375 0.2265625
0 0.7015625 0.5515625 0.059375 0.1171875
0 0.9609375 0.5640625 0.0453125 0.08125
0 0.63046875 0.63984375 0.0546875 0.1234375
0 0.3265625 0.5703125 0.0390625 0.1515625
0 0.45625 0.53671875 0.084375 0.053125
0 0.51171875 0.59921875 0.05 0.090625
0 0.578125 0.58203125 0.0421875 0.0921875
0 0.30703125 0.4421875 0.0765625 0.0828125
1 0.165625 0.17421875 0.29375 0.328125
1 0.7921875 0.68046875 0.0828125 0.1765625
1 0.37578125 0.8171875 0.078125 0.13125
1 0.12109375 0.50234375 0.0734375 0.2515625
1 0.7546875 0.06875 0.253125 0.1046875