0 0.14921875 0.35625 0.084375 0.0984375
0 0.309375 0.384375 0.0671875 0.046875
0 0.4109375 0.38203125 0.065625 0.0421875
0 0.2390625 0.321875 0.01875 0.0171875
0 0.53515625 0.4375 0.05 0.046875
0 0.6625 0.4203125 0.0734375 0.0625
0 0.1828125 0.7390625 0.0484375 0.109375
0 0.26484375 0.76328125 0.0984375 0.0984375
0 0.36171875 0.8203125 0.1 0.1140625
0 0.64375 0.728125 0.0703125 0.1265625
0 0.79921875 0.753125 0.1796875 0.1515625
0 0.93515625 0.78984375 0.078125 0.0890625
1 0.3125 0.1578125 0.340625 0.3140625
1 0.7390625 0.1921875 0.4625 0.36875
1 0.784375 0.584375 0.13125 0.125
1 0.88046875 0.565625 0.059375 0.1015625
1 0.9265625 0.72109375 0.040625 0.040625
1 0.58984375 0.58359375 0.128125 0.1484375
1 0.15625 0.64375 0.0640625 0.1234375
1 0.2796875 0.6515625 0.0984375 0.0671875
1 0.35625 0.74453125 0.0625 0.03125
1 0.03125 0.60625 0.053125 0.1671875