0 0.103125 0.375 0.071875 0.04375
0 0.16875 0.55703125 0.040625 0.10625
0 0.2921875 0.64765625 0.096875 0.0546875
0 0.3640625 0.76328125 0.09375 0.0703125
0 0.7765625 0.79296875 0.434375 0.0890625
0 0.37265625 0.5625 0.0859375 0.103125
0 0.5359375 0.63671875 0.134375 0.0640625
0 0.6125 0.54375 0.0765625 0.1515625
0 0.7796875 0.52578125 0.1625 0.1140625
0 0.8875 0.359375 0.2234375 0.3171875
0 0.70078125 0.34453125 0.1015625 0.1046875
0 0.4484375 0.340625 0.159375 0.0953125
0 0.29296875 0.3640625 0.1 0.0609375
1 0.8875 0.13125 0.2109375 0.13125
1 0.35859375 0.24140625 0.4296875 0.103125
1 0.49453125 0.53984375 0.1359375 0.09375