0 0.09609375 0.61875 0.0375 0.0984375
0 0.159375 0.6890625 0.025 0.034375
0 0.228125 0.65546875 0.0515625 0.0421875
0 0.29921875 0.70234375 0.025 0.0328125
0 0.37265625 0.69765625 0.0578125 0.08125
0 0.51640625 0.68984375 0.1484375 0.0640625
0 0.66875 0.69375 0.109375 0.09375
0 0.76953125 0.6703125 0.0265625 0.046875
0 0.8171875 0.68203125 0.0140625 0.034375
1 0.1515625 0.475 0.1375 0.21875
1 0.34609375 0.42421875 0.240625 0.4125
1 0.65234375 0.36953125 0.3578125 0.5203125
1 0.8375 0.58046875 0.190625 0.2125