0 0.01171875 0.5359375 0.021875 0.071875
0 0.55390625 0.56640625 0.059375 0.0484375
0 0.1279747640625 0.615384615625 0.1255718171875 0.6923076921875 0.1880484765625 0.7235576921875 0.2769575703125 0.728365384375 0.26734577656249997 0.7043269234375 0.274554621875 0.67548076875 0.2529280859375 0.677884615625 0.23610744687500002 0.6418269234375 0.2075946515625 0.560096153125 0.192854375 0.55048076875 0.20246616875 0.60576923125 0.1784366828125 0.61298076875 0.16882488906249998 0.57451923125 0.14239245625000002 0.5673076921875 0.15200425 0.591346153125 0.1279747640625 0.615384615625
0 0.49765625 0.65 0.0390625 0.1203125
0 0.41015625 0.6734375 0.115625 0.134375
0 0.625 0.6875 0.10625 0.1515625
0 0.0203125 0.69453125 0.03125 0.0390625
0 0.71640625 0.73671875 0.0796875 0.1078125
0 0.8265625 0.73671875 0.04375 0.1546875
0 0.9171875 0.80859375 0.0171875 0.0484375
0 0.96171875 0.8328125 0.034375 0.0453125