1 0.3765625 0.2671875 0.0671875 0.1296875
1 0.3296875 0.2984375 0.0265625 0.0671875
1 0.30078125 0.38125 0.0390625 0.1515625
1 0.52265625 0.39296875 0.125 0.21875
1 0.7390625 0.45703125 0.3078125 0.134375
0 0.37734375 0.48828125 0.128125 0.3171875
1 0.26796875 0.52734375 0.11875 0.16875
0 0.5953125 0.58046875 0.54375 0.1328125
0 0.23671875 0.62890625 0.034375 0.0453125
0 0.4109375 0.68984375 0.0484375 0.0359375
0 0.6390625 0.72578125 0.0171875 0.0578125
1 0.4359375 0.178125 0.0578125 0.2984375
1 0.509375 0.19453125 0.0765625 0.196875
1 0.7921875 0.1984375 0.4109375 0.396875