0 0.5921875 0.5875 0.815625 0.278125
1 0.0921875 0.2640625 0.1796875 0.509375
0 0.096875 0.640625 0.1734375 0.1859375
1 0.34921875 0.19765625 0.309375 0.3953125
0 0.5703125 0.3421875 0.1046875 0.171875
0 0.578125 0.18359375 0.0546875 0.1359375
1 0.5265625 0.128125 0.04375 0.25
0 0.81484375 0.396875 0.3703125 0.0859375
0 0.91796875 0.26328125 0.0265625 0.065625
1 0.75546875 0.125 0.290625 0.246875
1 0.95234375 0.1140625 0.0953125 0.225
1 0.9671875 0.29296875 0.065625 0.121875
0 0.76171875 0.303125 0.265625 0.090625
1 0.57734375 0.05546875 0.04375 0.1109375