0 0.57421875 0.5953125 0.0359375 0.0515625
0 0.46171875 0.69609375 0.0453125 0.0359375
0 0.33046875 0.790625 0.0953125 0.115625
0 0.562908440625 0.7860576921875 0.55569959375 0.814903846875 0.54849075 0.8485576921875 0.5220583171875 0.8509615390624999 0.54849075 0.8894230765625 0.5773261328125 0.877403846875 0.601355615625 0.8822115390624999 0.6205792046874999 0.877403846875 0.630190996875 0.9134615390624999 0.6638322765625 0.908653846875 0.652306190625 0.846153846875 0.6566234296875 0.85576923125 0.6446086906249999 0.8028846156249999 0.63739984375 0.8125 0.6109674109375 0.8173076921875 0.59895266875 0.7860576921875 0.5605054921875 0.759615384375 0.562908440625 0.7860576921875
0 0.22109375 0.8453125 0.084375 0.103125
0 0.54375 0.91953125 0.0140625 0.0265625
0 0.5921875 0.94375 0.01875 0.021875
0 0.5390625 0.9546875 0.028125 0.034375
0 0.16875 0.9671875 0.01875 0.03125
0 0.32421875 0.97265625 0.03125 0.0515625
0 0.3703125 0.971875 0.04375 0.05625
0 0.5875 0.984375 0.01875 0.03125
0 0.61484375 0.9890625 0.0265625 0.021875