0 0.13046875 0.1953125 0.2609375 0.390625
0 0.425 0.17734375 0.315625 0.3546875
0 0.76875 0.30078125 0.1171875 0.05
0 0.98671875 0.15 0.0265625 0.096875
0 0.95390625 0.240625 0.040625 0.059375
1 0.40703125 0.5203125 0.8140625 0.2390625
1 0.64375 0.3421875 0.125 0.0953125
1 0.421875 0.38046875 0.309375 0.0234375
1 0.9171875 0.3609375 0.165625 0.128125
1 0.76953125 0.36328125 0.1171875 0.0546875
1 0.84375 0.0984375 0.15 0.196875
1 0.66953125 0.0546875 0.16875 0.109375
0 0.678125 0.19375 0.1765625 0.121875
0 0.78203125 0.2328125 0.0296875 0.04375
1 0.87265625 0.2484375 0.1046875 0.075
1 0.94921875 0.10078125 0.0421875 0.2015625