1 0.52734375 0.240625 0.509375 0.48125
0 0.634375 0.53125 0.053125 0.0765625
1 0.775 0.53125 0.065625 0.11875
0 0.32109375 0.54453125 0.128125 0.0984375
0 0.72265625 0.5515625 0.0390625 0.2015625
1 0.5421875 0.56015625 0.1109375 0.1734375
0 0.4956258828125 0.658653846875 0.4836111390625 0.60576923125 0.43555217031250004 0.490384615625 0.385090253125 0.4855769234375 0.3758638828125 0.509615384375 0.4067167890625 0.685096153125 0.4956258828125 0.658653846875
0 0.62265625 0.61171875 0.065625 0.0828125
0 0.56953125 0.6671875 0.040625 0.0265625
0 0.78984375 0.671875 0.0484375 0.0609375
1 0.821875 0.12734375 0.0828125 0.253125