0 0.75625 0.375 0.0703125 0.0625
0 0.19375 0.38125 0.0390625 0.09375
0 0.76328125 0.384375 0.071875 0.0578125
0 0.9796875 0.39453125 0.0359375 0.10625
0 0.7364408046875 0.427884615625 0.6734440703125 0.45673076874999996 0.6181762546875 0.528846153125 0.642205740625 0.58173076875 0.7431295765625 0.603365384375 0.7575472671875 0.53125 0.77677085625 0.490384615625 0.73592073125 0.43509615312500005 0.7364408046875 0.427884615625
0 0.8800976390624999 0.54326923125 0.94497725 0.572115384375 0.9545890437500001 0.51923076875 0.908933021875 0.51201923125 0.8849035359374999 0.5144230765625 0.860874053125 0.46394230781249995 0.848859309375 0.43509615312500005 0.834998496875 0.43509615312500005 0.7959944421875 0.47115384687499995 0.7839797015625 0.5072115390625 0.7623531640625 0.5144230765625 0.7551443203125 0.5889423078125 0.7431295765625 0.61298076875 0.771964959375 0.6322115390625 0.8128150812499999 0.615384615625 0.8800976390624999 0.54326923125
0 0.3033900046875 0.721153846875 0.363463715625 0.709134615625 0.38028435625 0.6706730765625 0.39470204531249997 0.5889423078125 0.385090253125 0.5360576921875 0.3562548703125 0.478365384375 0.3205754203125 0.48076923125000004 0.33703128437499996 0.5552884609375 0.33943423125 0.5697115390625 0.3178076953125 0.564903846875 0.284166415625 0.5673076921875 0.3081959015625 0.625 0.3178076953125 0.697115384375 0.2889723125 0.70673076875 0.3033900046875 0.721153846875
0 0.20546875 0.6234375 0.40625 0.353125
0 0.0510804140625 0.709134615625 0.07270695 0.634615384375 0.0847216921875 0.6730769234375 0.09193053906250001 0.7043269234375 0.144795403125 0.73076923125 0.1231688671875 0.63701923125 0.1496013 0.658653846875 0.204869115625 0.7139423078125 0.14719835312500001 0.625 0.1712278359375 0.6009615390625 0.190451425 0.6009615390625 0.190451425 0.677884615625 0.23851039375 0.6802884609375 0.2240927046875 0.721153846875 0.2769575703125 0.709134615625 0.2697487265625 0.6730769234375 0.233704496875 0.5697115390625 0.241248496875 0.5168269234375 0.15200425 0.5264423078125 0.0823187421875 0.564903846875 0.0054243921875 0.625 0.007827340625 0.6802884609375 0.029453878125 0.653846153125 0.017439134375000002 0.7115384609375 0.0510804140625 0.709134615625
0 0.6566234296875 0.5865384609375 0.6042292671875 0.5576923078125 0.550893696875 0.6298076921875 0.562908440625 0.6875 0.5845349765625001 0.6610576921875 0.6229821515625 0.6634615390625 0.6181762546875 0.7115384609375 0.63499689375 0.6947115390625 0.7022794515624999 0.6177884609375 0.6566234296875 0.5865384609375
0 0.9921875 0.6390625 0.015625 0.0578125
0 0.78359375 0.70703125 0.428125 0.0578125
0 0.0515625 0.7328125 0.009375 0.025
0 0.01328125 0.7390625 0.0265625 0.03125
0 0.46015625 0.74140625 0.0484375 0.1421875
0 0.57578125 0.78828125 0.1296875 0.0484375