0 0.4390625 0.3265625 0.021875 0.0765625
0 0.59375 0.328125 0.0578125 0.1078125
0 0.47734375 0.334375 0.0140625 0.0953125
0 0.3390625 0.45703125 0.125 0.9140625
0 0.484375 0.640625 0.1015625 0.540625
0 0.59375 0.64921875 0.1328125 0.540625
0 0.72578125 0.66796875 0.1203125 0.30625
0 0.63203125 0.6875 0.0625 0.4359375
0 0.4734375 0.07109375 0.04375 0.1421875
0 0.25234375 0.728125 0.03125 0.1328125
0 0.1875 0.75234375 0.021875 0.071875
0 0.22265625 0.86328125 0.096875 0.096875
0 0.73828125 0.865625 0.1546875 0.0875
0 0.1625 0.86796875 0.025 0.04375
0 0.91015625 0.884375 0.0984375 0.0390625
0 0.5609375 0.1546875 0.0796875 0.23125