0 0.73203125 0.24375 0.10625 0.084375
0 0.1140625 0.2484375 0.0890625 0.11875
0 0.47578125 0.25625 0.0484375 0.0921875
0 0.89765625 0.28125 0.0875 0.159375
0 0.44609375 0.4015625 0.1375 0.18125
0 0.83515625 0.40625 0.025 0.0828125
0 0.31484375 0.46015625 0.1109375 0.0875
0 0.6296875 0.4703125 0.09375 0.2234375
0 0.9828125 0.48203125 0.0296875 0.1953125
0 0.2046875 0.50234375 0.1140625 0.178125
0 0.75625 0.50390625 0.1234375 0.3265625
0 0.89296875 0.55625 0.065625 0.0765625
0 0.6890625 0.63828125 0.05625 0.0390625
0 0.6109375 0.71640625 0.0828125 0.0484375
0 0.7671875 0.0734375 0.0796875 0.071875
0 0.96875 0.7296875 0.0453125 0.1171875
0 0.69453125 0.74765625 0.0703125 0.1296875
0 0.23046875 0.80078125 0.03125 0.0390625
0 0.72734375 0.14921875 0.1453125 0.0875
0 0.5953125 0.17578125 0.1078125 0.24375
0 0.25859375 0.209375 0.2046875 0.41875
0 0.40625 0.21640625 0.0796875 0.1875