1 0.7765625 0.24140625 0.446875 0.4828125
1 0.4140625 0.1875 0.2734375 0.35625
1 0.1359375 0.07734375 0.26875 0.1546875
0 0.11875 0.6484375 0.2296875 0.14375
0 0.36796875 0.625 0.0390625 0.0359375
0 0.46875 0.7921875 0.2109375 0.1375
0 0.91484375 0.66171875 0.1640625 0.30625
0 0.75078125 0.75546875 0.1609375 0.1046875
1 0.47109375 0.5421875 0.1359375 0.3515625
1 0.63515625 0.59140625 0.1859375 0.19375
1 0.61328125 0.75078125 0.065625 0.11875
1 0.784375 0.5921875 0.0890625 0.1953125
1 0.34609375 0.4703125 0.1015625 0.1796875
1 0.290625 0.67578125 0.1 0.1953125
1 0.04140625 0.3625 0.0828125 0.3890625
1 0.36953125 0.684375 0.0515625 0.059375
0 0.146875 0.37109375 0.1234375 0.3953125
1 0.24296875 0.36171875 0.0546875 0.4046875