1 0.5359375 0.3140625 0.0546875 0.146875
0 0.33671875 0.4234375 0.0234375 0.034375
0 0.36796875 0.43359375 0.0171875 0.0265625
0 0.52421875 0.484375 0.1875 0.159375
0 0.74609375 0.50234375 0.021875 0.0484375
0 0.7796875 0.53828125 0.15 0.059375
0 0.9 0.5453125 0.0265625 0.05625
0 0.77265625 0.58984375 0.0484375 0.0390625
0 0.83203125 0.58984375 0.0703125 0.021875
0 0.91484375 0.6 0.065625 0.0453125
1 0.1234375 0.0796875 0.1078125 0.159375
1 0.52734375 0.19609375 0.04375 0.0359375
1 0.30859375 0.19921875 0.2640625 0.3984375
1 0.4796875 0.2234375 0.0671875 0.3125