1 0.49921875 0.26171875 0.9953125 0.5234375
1 0.0765625 0.5609375 0.0765625 0.0703125
0 1 0.528754221875 0.9617978890625001 0.5144230765625 0.949783146875 0.552884615625 0.8776946921875 0.5673076921875 0.8392475171875 0.6081730765625 0.86567995 0.634615384375 0.9233507140625001 0.6610576921875 0.99365234375 0.6730769234375 1 0.5342075046875 1 0.528754221875
0 0.37734375 0.6203125 0.040625 0.0390625
1 0.290625 0.62734375 0.1140625 0.1921875
0 0.12109375 0.62734375 0.1421875 0.0578125
0 0.21015625 0.63203125 0.0359375 0.0125
0 0.021875 0.63359375 0.0328125 0.0515625
1 0.46171875 0.63828125 0.1203125 0.240625
1 0.6390625 0.640625 0.2359375 0.2625
1 0.8125 0.66953125 0.10625 0.125
0 0.928125 0.75390625 0.115625 0.0984375
0 0.8015625 0.75625 0.0671875 0.04375
0 0.5015625 0.77421875 0.025 0.0390625
0 0.4640625 0.81484375 0.0203125 0.03125