0 0.1359375 0.3390625 0.084375 0.184375
0 0.04453125 0.47109375 0.078125 0.0703125
0 0.36640625 0.16796875 0.165625 0.334375
0 0.5140625 0.45625 0.1734375 0.2359375
0 0.5359375 0.06640625 0.065625 0.1265625
0 0.5640625 0.2859375 0.10625 0.1125
0 0.0515625 0.70859375 0.0296875 0.078125
0 0.1546875 0.89765625 0.08125 0.2046875
0 0.24453125 0.65 0.1671875 0.1453125
0 0.33671875 0.50078125 0.1390625 0.175
0 0.56171875 0.82734375 0.315625 0.3453125
0 0.80390625 0.2125 0.128125 0.0921875
0 0.7546875 0.0734375 0.3171875 0.14375
0 0.703125 0.5390625 0.109375 0.2359375
0 0.946875 0.846875 0.10625 0.1765625
0 0.9796875 0.1609375 0.040625 0.146875
0 0.58984375 0.615625 0.1140625 0.075
1 0.05625 0.878125 0.1125 0.24375
1 0.0796875 0.63125 0.159375 0.234375
1 0.1375 0.1578125 0.275 0.3140625
1 0.76796875 0.3421875 0.15 0.1625
1 0.3015625 0.8671875 0.2015625 0.265625