0 0.01640625 0.1828125 0.0328125 0.153125
0 0.1171875 0.053125 0.06875 0.090625
0 0.428125 0.5046875 0.5078125 0.990625
0 0.840625 0.69765625 0.315625 0.6046875
0 0.140625 0.90703125 0.071875 0.1859375
0 0.06015625 0.81171875 0.0171875 0.0359375
0 0.02265625 0.47578125 0.03125 0.0546875
0 0.1140625 0.38125 0.0203125 0.05
0 0.1421875 0.49453125 0.0390625 0.0484375
0 0.01015625 0.015625 0.0203125 0.03125
0 0.08359375 0.5421875 0.0453125 0.15625
0 0.78984375 0.28984375 0.08125 0.1796875
1 0.7453125 0.23984375 0.509375 0.4796875
1 0.0765625 0.659375 0.1515625 0.6796875
1 0.2734375 0.403125 0.1 0.1859375
1 0.1875 0.14765625 0.375 0.2953125