1 0.6703125 0.540625 0.659375 0.5671875
1 0.7421875 0.91328125 0.515625 0.1734375
1 0.2234375 0.13125 0.44375 0.25
1 0.5640625 0.071875 0.234375 0.140625
1 0.1140625 0.55546875 0.2203125 0.4609375
0 0.05859375 0.84375 0.0625 0.084375
0 0.22421875 0.8953125 0.065625 0.1921875
0 0.38359375 0.91875 0.178125 0.1625
0 0.28828125 0.46875 0.13125 0.41875
0 0.08828125 0.1078125 0.028125 0.05625
0 0.84140625 0.21875 0.3171875 0.4375
0 0.43515625 0.7328125 0.1953125 0.2046875
0 0.56640625 0.4265625 0.1203125 0.16875
0 0.0921875 0.37890625 0.025 0.0671875
0 0.19921875 0.3515625 0.0234375 0.040625
0 0.525 0.97578125 0.0453125 0.0484375
0 0.7375 0.71171875 0.0859375 0.16875
0 0.8390625 0.8828125 0.096875 0.1078125
0 0.9828125 0.8890625 0.034375 0.0625