0 0.24140625 0.5203125 0.0296875 0.053125
0 0.35390625 0.5953125 0.1125 0.1796875
0 0.284375 0.6734375 0.0609375 0.090625
0 0.43984375 0.6734375 0.0359375 0.0578125
0 0.45390625 0.47109375 0.0390625 0.0671875
0 0.49296875 0.51953125 0.0296875 0.0578125
0 0.53671875 0.53125 0.0390625 0.0578125
0 0.66953125 0.68359375 0.090625 0.0984375
0 0.75078125 0.6484375 0.0484375 0.1109375
0 0.38125 0.7171875 0.071875 0.0390625
1 0.2140625 0.24921875 0.428125 0.4984375
1 0.1125 0.603125 0.225 0.203125
1 0.2625 0.5859375 0.065625 0.0734375
1 0.240625 0.66953125 0.0265625 0.09375
1 0.278125 0.52109375 0.03125 0.0453125
1 0.4453125 0.57109375 0.06875 0.1421875
1 0.55234375 0.6359375 0.140625 0.1453125
1 0.46796875 0.36015625 0.0765625 0.153125
1 0.52578125 0.29453125 0.065625 0.09375
1 0.575 0.41875 0.1328125 0.153125
1 0.68515625 0.53046875 0.253125 0.0703125
1 0.6703125 0.46953125 0.059375 0.0515625
1 0.67578125 0.60234375 0.103125 0.0703125