1 0.690625 0.13203125 0.1359375 0.2640625
1 0.06484375 0.059375 0.1296875 0.11875
1 0.28671875 0.04375 0.203125 0.0859375
0 0.1828125 0.34765625 0.04375 0.159375
0 0.3 0.24765625 0.1203125 0.0578125
0 0.3359375 0.33125 0.0203125 0.0859375
0 0.303125 0.3453125 0.0125 0.090625
0 0.2734375 0.34453125 0.0203125 0.0921875
0 0.08046875 0.26328125 0.1453125 0.05625
0 0.1875 0.21875 0.05625 0.0609375
0 0.48203125 0.146875 0.178125 0.1828125
0 0.6125 0.140625 0.0171875 0.19375
0 0.39765625 0.3171875 0.0265625 0.1375
0 0.43984375 0.3125 0.0234375 0.1328125
0 0.4796875 0.32578125 0.021875 0.103125
0 0.5390625 0.3484375 0.0171875 0.078125
0 0.5640625 0.36875 0.015625 0.0828125
0 0.603125 0.3953125 0.0140625 0.0828125
0 0.1125 0.36171875 0.021875 0.0953125
0 0.06328125 0.4203125 0.009375 0.1140625
0 0.02890625 0.646875 0.05625 0.2296875