0 0.56796875 0.14609375 0.1875 0.209375
0 0.69140625 0.378125 0.028125 0.06875
0 0.64609375 0.37578125 0.0171875 0.0640625
0 0.62578125 0.378125 0.0234375 0.1234375
0 0.59921875 0.36171875 0.015625 0.0796875
0 0.54453125 0.340625 0.03125 0.1
0 0.496875 0.3484375 0.0234375 0.140625
0 0.46171875 0.31875 0.021875 0.1609375
0 0.3703125 0.303125 0.115625 0.1625
0 0.26015625 0.36328125 0.009375 0.13125
0 0.228125 0.36484375 0.0140625 0.121875
0 0.20625 0.2609375 0.2203125 0.0375
0 0.2640625 0.146875 0.0546875 0.109375
0 0.1375 0.31953125 0.0671875 0.059375
0 0.17109375 0.40078125 0.009375 0.0625
0 0.12890625 0.434375 0.0296875 0.0828125
0 0.09765625 0.6671875 0.0234375 0.190625
0 0.078125 0.50078125 0.0203125 0.1046875
0 0.053125 0.49921875 0.0078125 0.084375
0 0.02578125 0.51328125 0.0109375 0.0859375
0 0.0078125 0.66640625 0.00625 0.09375
0 0.02578125 0.67109375 0.0078125 0.096875
0 0.04140625 0.67421875 0.0109375 0.10625
0 0.065625 0.73046875 0.015625 0.21875
0 0.0296875 0.80625 0.0234375 0.059375
1 0.221875 0.03046875 0.44375 0.0609375
1 0.75390625 0.13125 0.1421875 0.2578125
1 0.02421875 0.17109375 0.0484375 0.1828125
1 0.1234375 0.14375 0.1234375 0.1359375