1 0.29375 0.0625 0.54375 0.125
1 0.128125 0.2078125 0.1796875 0.121875
1 0.8890625 0.14921875 0.13125 0.2984375
0 0.690625 0.17734375 0.1875 0.2390625
0 0.47890625 0.34609375 0.11875 0.16875
0 0.57265625 0.3515625 0.025 0.1546875
0 0.6125 0.38984375 0.0203125 0.1515625
0 0.6546875 0.39453125 0.0234375 0.1453125
0 0.7171875 0.41640625 0.015625 0.1296875
0 0.7515625 0.42578125 0.0265625 0.1171875
0 0.3765625 0.4046875 0.015625 0.13125
0 0.34765625 0.41640625 0.0125 0.1328125
0 0.22890625 0.7078125 0.025 0.15625
0 0.19609375 0.72734375 0.0078125 0.1140625
0 0.17109375 0.71953125 0.00625 0.1046875
0 0.159375 0.7234375 0.0125 0.121875
0 0.14140625 0.715625 0.0015625 0.0734375
0 0.15703125 0.84296875 0.04375 0.0703125
0 0.25234375 0.5046875 0.015625 0.14375
0 0.2921875 0.446875 0.0140625 0.103125
0 0.28828125 0.31875 0.1625 0.0734375
0 0.23203125 0.39140625 0.084375 0.0640625
0 0.19921875 0.55859375 0.0109375 0.125
0 0.171875 0.55234375 0.009375 0.0984375