1 0.38203125 0.121875 0.0765625 0.2359375
0 0.61953125 0.18828125 0.0421875 0.134375
0 0.78203125 0.08046875 0.05 0.159375
0 0.72109375 0.1109375 0.0484375 0.1765625
0 0.62265625 0.1796875 0.04375 0.1515625
0 0.55625 0.21640625 0.0234375 0.06875
0 0.903125 0.08359375 0.1171875 0.1671875
0 0.61015625 0.05546875 0.1484375 0.06875
0 0.50234375 0.10703125 0.0890625 0.1453125
0 0.5125 0.28671875 0.0203125 0.1125
0 0.49921875 0.4671875 0.034375 0.1796875
0 0.4265625 0.50234375 0.0125 0.1109375
0 0.44921875 0.4984375 0.0171875 0.0953125
0 0.471875 0.546875 0.0125 0.1640625
0 0.45078125 0.6078125 0.0171875 0.0328125
0 0.4625 0.35 0.0078125 0.0875
0 0.44453125 0.3578125 0.0140625 0.084375
0 0.425 0.37109375 0.0046875 0.075
0 0.4640625 0.23203125 0.0484375 0.0828125