0 0.64921875 0.2125 0.0390625 0.1546875
0 0.69453125 0.24453125 0.0265625 0.171875
0 0.73828125 0.2390625 0.015625 0.153125
0 0.72578125 0.0765625 0.1703125 0.153125
0 0.85390625 0.1484375 0.071875 0.1296875
0 0.5828125 0.22734375 0.04375 0.1453125
0 0.5296875 0.25078125 0.0640625 0.159375
0 0.36484375 0.19921875 0.2328125 0.0875
0 0.309375 0.28671875 0.1234375 0.0578125
0 0.43515625 0.30703125 0.0359375 0.1171875
0 0.36796875 0.34296875 0.0140625 0.0703125
0 0.32421875 0.39453125 0.0203125 0.109375
0 0.3140625 0.57734375 0.046875 0.2046875
0 0.27578125 0.45 0.0109375 0.08125
0 0.25703125 0.45546875 0.0140625 0.08125
0 0.23671875 0.4609375 0.009375 0.06875
0 0.23203125 0.62890625 0.015625 0.1109375
0 0.2640625 0.6296875 0.028125 0.115625
0 0.26015625 0.73203125 0.04375 0.0546875
1 0.2328125 0.06484375 0.2328125 0.1296875