0 0.45703125 0.140625 0.1328125 0.19375
0 0.57109375 0.1203125 0.034375 0.2171875
0 0.60546875 0.34765625 0.025 0.0671875
0 0.56953125 0.3703125 0.0203125 0.09375
0 0.51015625 0.3375 0.025 0.1015625
0 0.4578125 0.31328125 0.0328125 0.1140625
0 0.36484375 0.28203125 0.0328125 0.1546875
0 0.26171875 0.2671875 0.10625 0.1671875
0 0.3515625 0.1609375 0.05 0.0515625
0 0.14765625 0.31875 0.0375 0.153125
0 0.08125 0.33203125 0.0140625 0.0953125
0 0.02578125 0.38671875 0.0203125 0.1375
0 0.0875 0.2078125 0.16875 0.05
0 0.04296875 0.2765625 0.059375 0.04375
0 0.01171875 0.59921875 0.0234375 0.253125
1 0.6734375 0.13359375 0.15 0.2671875
1 0.2484375 0.01953125 0.496875 0.0390625
1 0.05703125 0.10546875 0.103125 0.115625