0 0.3921875 0.45 0.0390625 0.1265625
0 0.5125 0.39765625 0.096875 0.125
0 0.69609375 0.2453125 0.140625 0.290625
0 0.596875 0.365625 0.0421875 0.1671875
0 0.8015625 0.41875 0.0375 0.0703125
0 0.74609375 0.41796875 0.0140625 0.040625
0 0.646875 0.43515625 0.0390625 0.084375
0 0.521875 0.28984375 0.0828125 0.0640625
0 0.42890625 0.33203125 0.059375 0.05625
0 0.33125 0.47578125 0.0140625 0.08125
0 0.30859375 0.353125 0.1390625 0.059375
0 0.275 0.41953125 0.0796875 0.053125
0 0.246875 0.52734375 0.084375 0.1296875
0 0.19453125 0.696875 0.01875 0.2421875
0 0.24140625 0.7265625 0.0515625 0.1953125
0 0.203125 0.87421875 0.0515625 0.0578125
1 0.34296875 0.06953125 0.5171875 0.1390625
1 0.178125 0.22421875 0.1484375 0.1703125