0 0.96875 0.49453125 0.0125 0.021875
1 0.225 0.3828125 0.1078125 0.0828125
1 0.32265625 0.47109375 0.0859375 0.0828125
1 0.4484375 0.49296875 0.0359375 0.06875
1 0.421875 0.5203125 0.0734375 0.0375
1 0.821875 0.484375 0.1453125 0.11875
1 0.71796875 0.3765625 0.078125 0.1859375
1 0.75859375 0.184375 0.1328125 0.1203125
1 0.46328125 0.41796875 0.0515625 0.075
1 0.89921875 0.17265625 0.0375 0.0765625
1 0.86796875 0.08046875 0.0515625 0.1359375
1 0.9140625 0.36640625 0.103125 0.1109375
1 0.53828125 0.46484375 0.046875 0.0890625