0 0.8109375 0.509375 0.034375 0.0359375
1 0.2265625 0.375 0.115625 0.0859375
1 0.303125 0.475 0.046875 0.0453125
1 0.35546875 0.4921875 0.090625 0.0484375
1 0.27578125 0.39375 0.05625 0.084375
1 0.41953125 0.51171875 0.053125 0.0390625
1 0.4984375 0.47578125 0.1015625 0.1234375
1 0.415625 0.44609375 0.0359375 0.06875
1 0.6 0.36796875 0.0890625 0.1421875
1 0.6875 0.4203125 0.0796875 0.2015625
1 0.30390625 0.3265625 0.0546875 0.0984375
1 0.5015625 0.33203125 0.059375 0.1109375
1 0.54140625 0.26953125 0.090625 0.1625
1 0.73828125 0.4390625 0.028125 0.08125