0 0.41015625 0.2 0.071875 0.1203125
0 0.23125 0.22734375 0.078125 0.1421875
0 0.940625 0.27109375 0.0703125 0.134375
0 0.78984375 0.303125 0.071875 0.1296875
0 0.690625 0.35078125 0.075 0.1265625
0 0.57578125 0.47265625 0.0640625 0.103125
0 0.42109375 0.53671875 0.0703125 0.1109375
0 0.90234375 0.60234375 0.0890625 0.125
0 0.29765625 0.6453125 0.06875 0.090625
0 0.12109375 0.66015625 0.0703125 0.184375
0 0.75625 0.78515625 0.1 0.103125
0 0.590625 0.8421875 0.0828125 0.16875
0 0.796875 0.09296875 0.075 0.121875
0 0.578125 0.121875 0.084375 0.1046875