1 0.2796875 0.45 0.18125 0.23125
1 0.40859375 0.27109375 0.0984375 0.1109375
1 0.56328125 0.33359375 0.053125 0.1328125
1 0.56875 0.1171875 0.6234375 0.234375
0 0.41171875 0.5265625 0.06875 0.275
0 0.50234375 0.546875 0.075 0.196875
0 0.60390625 0.471875 0.08125 0.2578125
0 0.68359375 0.51328125 0.0671875 0.1734375
0 0.79140625 0.53046875 0.1078125 0.15
0 0.50546875 0.69296875 0.0609375 0.059375
0 0.32265625 0.70546875 0.0484375 0.05625
0 0.60859375 0.84375 0.028125 0.034375
0 0.51640625 0.84921875 0.046875 0.0546875