0 0.45390625 0.19375 0.0453125 0.075
0 0.47421875 0.32578125 0.08125 0.078125
0 0.40390625 0.7046875 0.0328125 0.1953125
0 0.7 0.609375 0.0796875 0.5640625
0 0.571875 0.87734375 0.0953125 0.0359375
0 0.54453125 0.59609375 0.1578125 0.415625
0 0.384375 0.50546875 0.1578125 0.1734375
1 0.83046875 0.16015625 0.3390625 0.3203125
0 0.36328125 0.64453125 0.0359375 0.0984375
1 0.82265625 0.45859375 0.15625 0.271875
1 0.56875 0.196875 0.1 0.3796875
1 0.39609375 0.08125 0.2390625 0.1390625
1 0.3515625 0.2796875 0.1546875 0.2546875