1 0.5984375 0.0328125 0.4109375 0.059375
1 0.77421875 0.48671875 0.2640625 0.840625
1 0.61171875 0.48828125 0.059375 0.409375
1 0.55234375 0.54296875 0.0546875 0.2546875
0 0.58125 0.1765625 0.1140625 0.2109375
0 0.484375 0.53359375 0.046875 0.1671875
0 0.50078125 0.3671875 0.040625 0.153125
0 0.54609375 0.32109375 0.0453125 0.078125
0 0.4203125 0.29765625 0.053125 0.125
0 0.46796875 0.22265625 0.028125 0.0734375
0 0.503125 0.14296875 0.0359375 0.1
1 0.41796875 0.14921875 0.0546875 0.153125
1 0.46640625 0.12578125 0.03125 0.103125