0 0.3703125 0.5046875 0.01875 0.03125
0 0.43515625 0.5109375 0.0609375 0.03125
0 0.8703125 0.50625 0.0421875 0.05625
1 0.25703125 0.42890625 0.09375 0.1703125
1 0.1875 0.45 0.10625 0.1234375
1 0.5734375 0.4890625 0.046875 0.065625
1 0.7078125 0.47578125 0.08125 0.1078125
1 0.60625 0.43984375 0.0484375 0.0890625
1 0.321875 0.415625 0.0359375 0.0859375
1 0.4671875 0.32578125 0.0671875 0.078125
1 0.41640625 0.2859375 0.0625 0.08125
1 0.91875 0.4390625 0.0421875 0.0640625
1 0.83203125 0.4296875 0.0296875 0.0765625
1 0.86484375 0.41328125 0.028125 0.09375
1 0.08125 0.29765625 0.0375 0.0765625
1 0.19375 0.2921875 0.0640625 0.0984375
1 0.09609375 0.4140625 0.0609375 0.0765625
0 0.503125 0.5140625 0.040625 0.0234375
1 0.55078125 0.38046875 0.075 0.11875