0 0.28046875 0.52578125 0.5546875 0.1421875
0 0.6421875 0.35234375 0.14375 0.2453125
1 0.66484375 0.184375 0.0984375 0.346875
1 0.67421875 0.12109375 0.0890625 0.2078125
0 0.03125 0.57109375 0.01875 0.0453125
0 0.16875 0.53828125 0.028125 0.0546875
0 0.13828125 0.559375 0.0203125 0.034375
0 0.0859375 0.56796875 0.0109375 0.021875
0 0.26328125 0.51796875 0.0125 0.0265625
0 0.2921875 0.5265625 0.0125 0.0265625
0 0.3921875 0.48828125 0.009375 0.0109375
0 0.41953125 0.49140625 0.0078125 0.0140625
0 0.44921875 0.484375 0.0140625 0.025
0 0.48828125 0.4765625 0.01875 0.0265625
0 0.46796875 0.47734375 0.00625 0.0203125
0 0.32265625 0.51171875 0.0015625 0.0171875
0 0.50859375 0.47109375 0.0078125 0.0203125
0 0.48828125 0.47734375 0.009375 0.028125