1 0.5 0.37421875 0.9921875 0.7421875
0 0.1109375 0.62109375 0.0328125 0.0609375
0 0.63984375 0.4078125 0.015625 0.0171875
0 0.66640625 0.3859375 0.015625 0.0203125
0 0.740625 0.3328125 0.0625 0.0484375
0 0.86328125 0.2390625 0.009375 0.0171875
0 0.884375 0.21015625 0.0203125 0.0296875
0 0.94609375 0.19296875 0.025 0.021875
0 0.97734375 0.17890625 0.0171875 0.0140625
0 0.009375 0.64921875 0.015625 0.0234375
0 0.0703125 0.61171875 0.0109375 0.028125
0 0.1109375 0.4046875 0.0140625 0.021875
1 0.103125 0.196875 0.20625 0.371875