0 0.76171875 0.5875 0.0734375 0.0640625
0 0.834375 0.5859375 0.028125 0.028125
1 0.503125 0.334375 0.9859375 0.603125
1 0.08203125 0.59296875 0.0234375 0.0421875
1 0.05 0.58046875 0.028125 0.0484375
1 0.14921875 0.55703125 0.0515625 0.0671875
1 0.36640625 0.484375 0.078125 0.1015625
1 0.4625 0.5234375 0.059375 0.159375
1 0.6421875 0.46484375 0.16875 0.2421875
1 0.1640625 0.49375 0.09375 0.159375
1 0.1234375 0.38671875 0.234375 0.38125
1 0.5640625 0.5109375 0.075 0.090625
1 0.86328125 0.546875 0.1 0.0625
1 0.9296875 0.384375 0.140625 0.375
1 0.2953125 0.4484375 0.046875 0.159375
1 0.23671875 0.48125 0.046875 0.0890625
1 0.74296875 0.0875 0.0671875 0.175