0 0.45859375 0.94765625 0.0421875 0.09375
0 0.7515625 0.77734375 0.0796875 0.13125
0 0.40546875 0.2796875 0.046875 0.0640625
1 0.2984375 0.86640625 0.0421875 0.0984375
1 0.2296875 0.878125 0.078125 0.1296875
1 0.1640625 0.81953125 0.04375 0.271875
1 0.00859375 0.91171875 0.0171875 0.1765625
1 0.60625 0.603125 0.03125 0.1
1 0.86953125 0.559375 0.025 0.046875
1 0.9640625 0.453125 0.071875 0.0828125
1 0.903125 0.52578125 0.0390625 0.1140625
1 0.48515625 0.76640625 0.0453125 0.1078125
1 0.521875 0.77890625 0.01875 0.065625
1 0.4046875 0.81640625 0.0265625 0.09375
1 0.55703125 0.54140625 0.0484375 0.290625
1 0.7984375 0.61796875 0.0375 0.0703125
1 0.834375 0.7265625 0.0703125 0.078125
1 0.7640625 0.62734375 0.0515625 0.0859375
1 0.6796875 0.678125 0.0375 0.0609375
1 0.1453125 0.57109375 0.0484375 0.2234375
1 0.8453125 0.203125 0.05 0.196875
1 0.49609375 0.1453125 0.0921875 0.284375
1 0.425 0.1875 0.065625 0.1234375
1 0.37421875 0.1078125 0.0671875 0.196875
1 0.25546875 0.13515625 0.1015625 0.15625
1 0.11171875 0.11796875 0.171875 0.1296875