0 0.075 0.53984375 0.15 0.1171875
0 0.60625 0.6359375 0.1296875 0.09375
0 0.69453125 0.68671875 0.0171875 0.028125
0 0.76015625 0.7359375 0.0984375 0.0671875
0 0.88046875 0.79453125 0.1046875 0.0671875
0 0.96484375 0.8140625 0.0515625 0.0609375
0 0.2578125 0.47265625 0.0421875 0.040625
0 0.1984375 0.50390625 0.0453125 0.065625
0 0.365625 0.44296875 0.0609375 0.03125
0 0.46171875 0.50859375 0.1484375 0.16875
1 0.77109375 0.2859375 0.4578125 0.571875
1 0.84609375 0.66796875 0.3078125 0.178125
1 0.27265625 0.23515625 0.5234375 0.4625