0 0.478125 0.5046875 0.6625 0.98125
0 0.0609375 0.79453125 0.0203125 0.0703125
0 0.13984375 0.4859375 0.0265625 0.0328125
0 0.14609375 0.7421875 0.0234375 0.0296875
0 0.17265625 0.86875 0.0171875 0.04375
0 0.31796875 0.88203125 0.015625 0.0296875
0 0.48125 0.8890625 0.025 0.0328125
0 0.428125 0.83359375 0.021875 0.04375
0 0.38828125 0.95078125 0.0203125 0.0671875
0 0.625 0.52421875 0.05 0.1609375
0 0.6734375 0.3984375 0.1203125 0.3296875
0 0.76328125 0.221875 0.109375 0.209375
0 0.49765625 0.7109375 0.0546875 0.103125
0 0.5484375 0.77265625 0.0375 0.04375