1 0.24609375 0.384375 0.475 0.753125
1 0.43359375 0.28828125 0.128125 0.215625
0 0.18359375 0.2875 0.0234375 0.046875
0 0.22890625 0.490625 0.1421875 0.1359375
0 0.29921875 0.675 0.096875 0.159375
0 0.41484375 0.74609375 0.071875 0.046875
0 0.484375 0.75390625 0.0140625 0.0296875
0 0.6078125 0.70625 0.0328125 0.059375
0 0.47265625 0.33203125 0.015625 0.03125
0 0.6234375 0.26171875 0.009375 0.0234375
0 0.975 0.31875 0.0421875 0.0671875
0 0.66953125 0.33125 0.0125 0.021875
1 0.39765625 0.6625 0.15625 0.20625
1 0.159375 0.4765625 0.30625 0.1890625
1 0.89375 0.26875 0.2125 0.2625
1 0.690625 0.3265625 0.021875 0.046875
1 0.7 0.3 0.0203125 0.0453125
1 0.04453125 0.6 0.0890625 0.153125
1 0.34140625 0.39296875 0.0234375 0.0375