0 0.6484375 0.6875 0.1125 0.05
0 0.734375 0.69609375 0.0140625 0.059375
0 0.7640625 0.71953125 0.0109375 0.0265625
0 0.7875 0.72734375 0.0203125 0.0375
0 0.909375 0.73203125 0.0171875 0.015625
0 0.8453125 0.72421875 0.0203125 0.0484375
0 0.88125 0.72578125 0.03125 0.0375
0 0.7953125 0.98125 0.05 0.0375
0 0.35 0.57109375 0.0234375 0.03125
0 0.309375 0.55078125 0.0265625 0.0296875
0 0.39296875 0.603125 0.0578125 0.0359375
0 0.24296875 0.5171875 0.025 0.040625
1 0.7671875 0.85078125 0.0890625 0.2078125
1 0.11171875 0.3328125 0.2234375 0.6546875
1 0.3875 0.265625 0.2515625 0.5296875