0 0.7890625 0.58828125 0.171875 0.1453125
0 0.52421875 0.546875 0.24375 0.1953125
0 0.47109375 0.37890625 0.1109375 0.1328125
0 0.58984375 0.315625 0.059375 0.1453125
0 0.690625 0.32578125 0.0703125 0.046875
0 0.8328125 0.38125 0.1015625 0.1234375
0 0.19375 0.428125 0.0671875 0.184375
0 0.3328125 0.4921875 0.134375 0.175
0 0.68984375 0.08125 0.028125 0.10625
0 0.9640625 0.68515625 0.0453125 0.08125
1 0.8390625 0.1609375 0.0953125 0.31875
1 0.490625 0.14375 0.084375 0.2859375
1 0.34765625 0.1453125 0.0578125 0.2828125
1 0.2703125 0.12578125 0.05625 0.25
1 0.17890625 0.12578125 0.0578125 0.246875
1 0.590625 0.121875 0.0546875 0.24375