0 0.159375 0.66015625 0.1046875 0.1296875
0 0.4171875 0.3265625 0.2921875 0.5078125
1 0.34140625 0.3625 0.6625 0.6890625
1 0.13203125 0.4765625 0.0984375 0.146875
1 0.05234375 0.6125 0.0796875 0.140625
1 0.0875 0.596875 0.1375 0.1328125
0 0.11875 0.6875 0.03125 0.059375
0 0.19765625 0.61953125 0.0453125 0.1
0 0.2671875 0.6015625 0.0375 0.096875
0 0.21875 0.52890625 0.01875 0.053125
0 0.3671875 0.37109375 0.028125 0.096875
0 0.44140625 0.38046875 0.0265625 0.05
0 0.3765625 0.3625 0.0875 0.2140625
0 0.503125 0.390625 0.078125 0.0859375
0 0.3046875 0.50546875 0.040625 0.0953125