0 0.684375 0.4234375 0.0203125 0.028125
1 0.67421875 0.34921875 0.1203125 0.0359375
1 0.51328125 0.4765625 0.0609375 0.2234375
1 0.66015625 0.4125 0.1046875 0.059375
1 0.6546875 0.48046875 0.134375 0.0640625
1 0.42421875 0.54921875 0.0625 0.1296875
1 0.1703125 0.59765625 0.1171875 0.146875
1 0.0875 0.58515625 0.175 0.2515625
1 0.434375 0.22109375 0.078125 0.1203125
1 0.51171875 0.2703125 0.065625 0.0765625
1 0.31796875 0.21875 0.1375 0.15
1 0.1203125 0.23125 0.1390625 0.1640625
1 0.0453125 0.2828125 0.090625 0.209375
1 0.284375 0.36328125 0.1078125 0.146875
1 0.31796875 0.575 0.0625 0.1921875