0 0.103125 0.9125 0.1203125 0.08125
0 0.2390625 0.8765625 0.0140625 0.0109375
0 0.278125 0.86015625 0.0546875 0.0296875
0 0.50703125 0.5109375 0.1125 0.175
0 0.6296875 0.6921875 0.015625 0.0140625
0 0.578125 0.71484375 0.040625 0.03125
0 0.85078125 0.5828125 0.0140625 0.0125
0 0.82421875 0.5921875 0.0140625 0.015625
0 0.34921875 0.8328125 0.021875 0.0265625
0 0.66875 0.4328125 0.2 0.2140625
0 0.39140625 0.625 0.0953125 0.0515625
0 0.39765625 0.8109375 0.015625 0.0171875
1 0.16875 0.41484375 0.3375 0.8296875
1 0.5625 0.15859375 0.44375 0.3171875
1 0.9390625 0.42578125 0.121875 0.2625
1 0.609375 0.6203125 0.0796875 0.15
1 0.43125 0.72421875 0.1828125 0.140625
1 0.39609375 0.45703125 0.109375 0.2765625
1 0.5109375 0.37265625 0.1171875 0.1015625
1 0.8078125 0.44453125 0.071875 0.2546875