1 0.52890625 0.24921875 0.1546875 0.3296875
0 0.05859375 0.65859375 0.0890625 0.2140625
0 0.140625 0.7109375 0.03125 0.09375
0 0.21953125 0.82734375 0.053125 0.1015625
0 0.3296875 0.81015625 0.0484375 0.065625
0 0.72578125 0.3546875 0.0390625 0.046875
0 0.28203125 0.24296875 0.028125 0.03125
0 0.87265625 0.16171875 0.1234375 0.2671875
0 0.25703125 0.70546875 0.034375 0.04375
0 0.59609375 0.5515625 0.021875 0.0609375
0 0.27421875 0.8125 0.03125 0.0421875
1 0.353125 0.23515625 0.1 0.1984375
1 0.42421875 0.2375 0.0375 0.2078125
1 0.3984375 0.06328125 0.14375 0.1265625
1 0.2765625 0.06328125 0.09375 0.1265625
1 0.246875 0.18515625 0.0625 0.2515625
1 0.1515625 0.24140625 0.121875 0.1171875
1 0.0625 0.16640625 0.125 0.3328125