0 0.10078125 0.9421875 0.1828125 0.10625
0 0.92109375 0.78359375 0.0859375 0.0265625
1 0.95078125 0.33671875 0.0765625 0.2109375
0 0.76796875 0.8109375 0.0765625 0.0390625
0 0.33203125 0.87578125 0.0859375 0.084375
0 0.546875 0.753125 0.0703125 0.0703125
0 0.83671875 0.546875 0.00625 0.009375
0 0.81796875 0.53359375 0.0078125 0.015625
0 0.6625 0.5921875 0.0125 0.0109375
0 0.71328125 0.8125 0.0109375 0.0171875
0 0.68125 0.84765625 0.0109375 0.0140625
0 0.5890625 0.88125 0.0140625 0.0125
0 0.4515625 0.9015625 0.0140625 0.0171875
0 0.41328125 0.91328125 0.0140625 0.015625
0 0.38984375 0.928125 0.0140625 0.0125
1 0.203125 0.140625 0.1453125 0.2609375