0 0.659375 0.7796875 0.0203125 0.040625
0 0.94765625 0.7625 0.071875 0.2140625
0 0.45078125 0.71640625 0.0484375 0.1078125
0 0.54765625 0.66875 0.1046875 0.2078125
0 0.63203125 0.7078125 0.0265625 0.09375
1 0.75078125 0.7484375 0.09375 0.1421875
0 0.82734375 0.76171875 0.0296875 0.1140625
1 0.90078125 0.85078125 0.0234375 0.0828125
1 0.978125 0.83046875 0.04375 0.0640625
0 0.85625 0.77734375 0.0375 0.13125
1 0.8671875 0.62265625 0.0921875 0.15625
1 0.6578125 0.721875 0.025 0.08125
1 0.578125 0.77265625 0.0828125 0.05
1 0.11171875 0.50859375 0.0421875 0.1078125
0 0.65234375 0.8484375 0.0140625 0.025
0 0.70625 0.86875 0.0203125 0.034375
1 0.3671875 0.6890625 0.0828125 0.075
1 0.9359375 0.44609375 0.121875 0.19375
1 0.7390625 0.4546875 0.040625 0.1359375
1 0.24140625 0.7203125 0.046875 0.0515625