0 0.56796875 0.56484375 0.0859375 0.1375
0 0.64140625 0.615625 0.0328125 0.059375
0 0.68125 0.628125 0.0140625 0.01875
0 0.771875 0.56171875 0.0296875 0.0625
0 0.8671875 0.56953125 0.0515625 0.053125
1 0.8953125 0.35546875 0.209375 0.3828125
0 0.72265625 0.61796875 0.01875 0.01875
0 0.83046875 0.53203125 0.025 0.021875
0 0.8625 0.5140625 0.015625 0.0125
1 0.58359375 0.221875 0.1015625 0.44375
1 0.89375 0.08046875 0.2125 0.1609375
1 0.678125 0.22265625 0.0765625 0.4421875
1 0.75078125 0.2171875 0.071875 0.434375