0 0.125 0.6890625 0.2265625 0.0953125
0 0.28203125 0.66640625 0.0703125 0.0828125
0 0.3890625 0.7140625 0.0953125 0.078125
0 0.584375 0.73359375 0.0828125 0.0890625
1 0.37578125 0.58984375 0.1515625 0.175
1 0.47890625 0.6015625 0.0765625 0.1828125
1 0.55859375 0.67109375 0.10625 0.103125
1 0.7140625 0.30703125 0.0890625 0.1765625
1 0.121875 0.56796875 0.0859375 0.1484375
1 0.5140625 0.44921875 0.1296875 0.109375
1 0.33203125 0.42734375 0.1421875 0.1265625
1 0.19921875 0.3890625 0.065625 0.1734375
1 0.31484375 0.165625 0.1078125 0.2828125