1 0.36796875 0.6390625 0.0890625 0.1921875
1 0.39140625 0.7 0.0265625 0.06875
1 0.5953125 0.7171875 0.0453125 0.059375
1 0.6453125 0.63125 0.0546875 0.0578125
1 0.653125 0.465625 0.0515625 0.10625
1 0.734375 0.47109375 0.1234375 0.2078125
1 0.828125 0.51015625 0.0890625 0.1609375
1 0.93828125 0.4765625 0.1234375 0.2140625
1 0.31328125 0.515625 0.1421875 0.159375
1 0.5890625 0.63515625 0.0859375 0.2140625
0 0.53671875 0.596875 0.04375 0.0515625
0 0.8234375 0.5703125 0.0390625 0.0484375
1 0.43984375 0.434375 0.15 0.4234375
1 0.59140625 0.46875 0.0546875 0.115625