0 0.009375 0.603125 0.015625 0.0234375
0 0.06875 0.60859375 0.0171875 0.021875
0 0.121875 0.596875 0.0125 0.03125
0 0.075 0.434375 0.021875 0.021875
0 0.09921875 0.3984375 0.0125 0.025
0 0.7328125 0.33671875 0.040625 0.040625
0 0.84375 0.24609375 0.0171875 0.021875
0 0.890625 0.20859375 0.040625 0.034375
0 0.9578125 0.18671875 0.0734375 0.034375
1 0.28828125 0.54296875 0.084375 0.1421875
1 0.54140625 0.4296875 0.15625 0.09375
1 0.75546875 0.259375 0.0890625 0.0859375
1 0.67734375 0.28671875 0.0734375 0.1484375
1 0.56875 0.278125 0.0890625 0.2703125
1 0.32578125 0.3625 0.1203125 0.340625
1 0.18671875 0.58203125 0.096875 0.1390625
1 0.8078125 0.1984375 0.0828125 0.175
1 0.95625 0.128125 0.0765625 0.0734375
1 0.89609375 0.14453125 0.046875 0.0828125