1 0.934375 0.60078125 0.125 0.153125
0 0.85625 0.66796875 0.021875 0.034375
0 0.82734375 0.61484375 0.028125 0.0359375
0 0.34296875 0.68046875 0.0140625 0.03125
0 0.29609375 0.59609375 0.0703125 0.0734375
0 0.4546875 0.575 0.115625 0.0859375
0 0.465625 0.48515625 0.04375 0.0625
0 0.515625 0.49453125 0.0234375 0.04375
0 0.56875 0.5140625 0.0578125 0.0359375
0 0.5578125 0.5734375 0.01875 0.028125
0 0.759375 0.48125 0.0203125 0.0328125
1 0.08671875 0.2671875 0.1671875 0.5203125
1 0.26484375 0.30234375 0.215625 0.6046875
1 0.534375 0.2828125 0.3203125 0.565625
1 0.84765625 0.215625 0.3046875 0.43125
1 0.8984375 0.37734375 0.2015625 0.2078125