0 0.84609375 0.30390625 0.0703125 0.109375
0 0.753125 0.39453125 0.128125 0.071875
0 0.203125 0.521875 0.1703125 0.184375
0 0.01953125 0.5484375 0.0328125 0.125
1 0.86875 0.12421875 0.1078125 0.2375
1 0.5078125 0.16015625 0.1953125 0.3203125
0 0.540625 0.45859375 0.009375 0.0453125
0 0.57578125 0.4609375 0.0125 0.0234375
0 0.64140625 0.43671875 0.0109375 0.025
0 0.5875 0.44609375 0.009375 0.01875
0 0.528125 0.46171875 0.009375 0.01875
0 0.4796875 0.43125 0.0390625 0.13125
0 0.3734375 0.4234375 0.153125 0.1171875
1 0.740625 0.79296875 0.2546875 0.159375
1 0.2953125 0.8921875 0.078125 0.1734375