0 0.29140625 0.8109375 0.0671875 0.0375
0 0.50546875 0.84140625 0.071875 0.0390625
0 0.60078125 0.82109375 0.015625 0.0265625
1 0.53046875 0.7359375 0.0375 0.1734375
1 0.36953125 0.76796875 0.0765625 0.0890625
1 0.28125 0.72421875 0.0421875 0.1125
1 0.571875 0.7671875 0.0390625 0.1125
1 0.4609375 0.71796875 0.0953125 0.128125
1 0.4484375 0.609375 0.0640625 0.1125
1 0.49765625 0.6046875 0.0234375 0.09375
1 0.38359375 0.67421875 0.0421875 0.0984375
1 0.31328125 0.615625 0.0203125 0.0953125
1 0.61484375 0.0796875 0.028125 0.09375
1 0.52734375 0.25 0.0390625 0.0765625
1 0.47421875 0.3453125 0.0296875 0.059375
1 0.509375 0.3234375 0.0296875 0.078125
1 0.58203125 0.06796875 0.0515625 0.1171875
1 0.38125 0.5671875 0.046875 0.1453125