0 0.26640625 0.71953125 0.034375 0.0359375
0 0.509375 0.50078125 0.0109375 0.01875
0 0.65234375 0.46875 0.06875 0.1515625
1 0.1640625 0.83125 0.1140625 0.309375
0 0.33671875 0.646875 0.0265625 0.021875
0 0.9625 0.82109375 0.0546875 0.05
0 0.97890625 0.675 0.0328125 0.0421875
0 0.7640625 0.66640625 0.0171875 0.0171875
0 0.45078125 0.58671875 0.021875 0.0203125
0 0.73828125 0.47578125 0.0265625 0.0375
0 0.7109375 0.47109375 0.015625 0.0609375
0 0.82265625 0.2890625 0.040625 0.0578125
0 0.71796875 0.2765625 0.046875 0.0921875
0 0.7390625 0.3578125 0.0140625 0.0328125
0 0.6671875 0.38515625 0.0109375 0.0234375
0 0.80390625 0.5078125 0.021875 0.0515625