0 0.37890625 0.3515625 0.1328125 0.259375
0 0.48515625 0.5515625 0.0734375 0.1359375
0 0.734375 0.74296875 0.415625 0.33125
1 0.49921875 0.48203125 0.9765625 0.93125
1 0.76171875 0.35546875 0.4265625 0.2890625
1 0.12890625 0.175 0.2578125 0.278125
0 0.471875 0.27109375 0.01875 0.03125
0 0.41171875 0.290625 0.0140625 0.040625
0 0.49375 0.490625 0.0125 0.03125
0 0.53203125 0.503125 0.0140625 0.021875
0 0.53828125 0.559375 0.0171875 0.0203125
0 0.6046875 0.56640625 0.015625 0.028125
0 0.94375 0.859375 0.021875 0.0359375
0 0.9765625 0.6859375 0.021875 0.05
0 0.690625 0.64609375 0.0125 0.0421875
0 0.425 0.434375 0.0375 0.096875
0 0.346875 0.259375 0.065625 0.103125
0 0.475 0.19453125 0.025 0.0390625