0 0.71875 0.40859375 0.278125 0.271875
0 0.49375 0.41640625 0.10625 0.1
0 0.1875 0.378125 0.10625 0.084375
0 0.125 0.303125 0.1 0.0890625
0 0.35859375 0.41640625 0.0453125 0.0890625
0 0.409375 0.45 0.03125 0.0390625
0 0.9765625 0.515625 0.046875 0.1140625
1 0.93515625 0.209375 0.1296875 0.41875
1 0.64296875 0.19609375 0.4265625 0.3921875
1 0.22109375 0.20546875 0.4078125 0.3890625
1 0.2546875 0.678125 0.509375 0.43125
1 0.26484375 0.7640625 0.5203125 0.1953125
1 0.6171875 0.6390625 0.1125 0.2453125
1 0.540625 0.18203125 0.0734375 0.159375
1 0.3734375 0.3078125 0.0921875 0.1484375
1 0.42109375 0.2953125 0.1921875 0.159375
1 0.1203125 0.11953125 0.153125 0.2390625