0 0.46484375 0.57421875 0.15 0.06875
0 0.4828125 0.4265625 0.0546875 0.0734375
1 0.0625 0.56484375 0.125 0.1328125
1 0.16953125 0.56171875 0.0796875 0.121875
1 0.5359375 0.31875 0.0828125 0.225
1 0.61640625 0.18828125 0.0796875 0.2640625
1 0.47109375 0.49609375 0.078125 0.103125
1 0.39375 0.36171875 0.1140625 0.15
1 0.4421875 0.225 0.065625 0.11875
1 0.384375 0.209375 0.046875 0.15
1 0.5125 0.5375 0.0546875 0.05625
1 0.23671875 0.315625 0.0796875 0.090625
1 0.30703125 0.33359375 0.05625 0.0984375
1 0.16875 0.4203125 0.0515625 0.15625