0 0.43203125 0.7234375 0.0484375 0.0421875
0 0.29140625 0.721875 0.2015625 0.1484375
0 0.0421875 0.64609375 0.0265625 0.06875
0 0.0828125 0.66328125 0.021875 0.0390625
0 0.05 0.76015625 0.0390625 0.0265625
0 0.23149999999999998 0.7935943062499999 0.23399999999999999 0.7998220640625 0.23700000000000002 0.7962633453125 0.23149999999999998 0.7935943062499999
0 0.2359375 0.83515625 0.00625 0.015625
0 0.1885 0.708185053125 0.189 0.7197508890625001 0.192 0.7126334515625 0.1885 0.708185053125
0 0.193 0.7126334515625 0.198 0.7126334515625 0.1965 0.704626334375 0.193 0.7126334515625
0 0.16328125 0.7109375 0.03125 0.025
0 0.40078125 0.66328125 0.0234375 0.184375
1 0.5046875 0.6953125 0.0875 0.115625