0 0.4078125 0.5484375 0.128125 0.1875
0 0.51875 0.4359375 0.075 0.259375
0 0.4921875 0.71328125 0.13125 0.1375
0 0.83984375 0.63203125 0.1046875 0.1171875
0 0.54140625 0.87109375 0.1359375 0.134375
0 0.7125 0.59921875 0.034375 0.075
1 0.6140625 0.37265625 0.10625 0.2046875
1 0.675 0.865625 0.0765625 0.1265625
0 0.365625 0.5125 0.046875 0.0578125
0 0.39609375 0.571875 0.015625 0.0203125
0 0.38203125 0.63125 0.0125 0.015625
0 0.503125 0.33828125 0.0203125 0.03125
0 0.50234375 0.4046875 0.009375 0.021875
0 0.528125 0.421875 0.00625 0.015625
0 0.528125 0.45546875 0.0046875 0.009375
0 0.5109375 0.465625 0.0078125 0.021875
0 0.6453125 0.67578125 0.003125 0.0171875
0 0.63515625 0.70234375 0.015625 0.015625
1 0.73359375 0.484375 0.0453125 0.1125
1 0.86484375 0.50078125 0.1375 0.09375
1 0.64453125 0.5234375 0.1125 0.109375
0 0.42109375 0.55078125 0.0078125 0.0171875
0 0.43515625 0.56171875 0.0109375 0.021875
0 0.4078125 0.46953125 0.0125 0.0171875
0 0.40859375 0.50546875 0.009375 0.0078125
0 0.421875 0.7359375 0.0078125 0.0109375
0 0.51484375 0.4734375 0.0078125 0.009375
0 0.50625 0.33671875 0.021875 0.028125
0 0.4921875 0.40546875 0.0046875 0.0234375