0 0.4484375 0.559375 0.04375 0.04375
0 0.72578125 0.69140625 0.125 0.1328125
0 0.06015625 0.49765625 0.0328125 0.0296875
1 0.3890625 0.31953125 0.0625 0.1546875
1 0.44453125 0.41015625 0.0375 0.1390625
1 0.475 0.42734375 0.0265625 0.0578125
0 0.4515625 0.55390625 0.0484375 0.0953125
0 0.55078125 0.65625 0.021875 0.0390625
0 0.621875 0.68203125 0.009375 0.0203125
1 0.77734375 0.4421875 0.16875 0.2046875
1 0.5375 0.47890625 0.028125 0.065625
1 0.5 0.49921875 0.0265625 0.0578125
1 0.521875 0.18515625 0.090625 0.1921875