0 0.0296875 0.8125 0.015625 0.0203125
0 0.17578125 0.93359375 0.0203125 0.028125
0 0.21328125 0.91640625 0.0234375 0.028125
0 0.53359375 0.8765625 0.040625 0.0359375
0 0.8 0.93671875 0.021875 0.034375
1 0.1515625 0.703125 0.303125 0.21875
0 0.3703125 0.84296875 0.0515625 0.0390625
1 0.1828125 0.92421875 0.040625 0.0546875
1 0.24921875 0.87578125 0.090625 0.1171875
1 0.146875 0.87734375 0.084375 0.1234375
1 0.4046875 0.74375 0.21875 0.2625
1 0.64765625 0.71171875 0.26875 0.30625
1 0.70390625 0.9046875 0.290625 0.071875
1 0.890625 0.7375 0.21875 0.296875