0 0.3265625 0.82890625 0.0375 0.059375
0 0.375 0.80234375 0.0359375 0.0546875
0 0.5203125 0.78203125 0.0359375 0.0859375
1 0.15234375 0.65078125 0.3046875 0.509375
1 0.403125 0.57421875 0.1890625 0.3609375
1 0.528125 0.19609375 0.94375 0.378125
1 0.85703125 0.66484375 0.2859375 0.528125
1 0.54609375 0.8875 0.3234375 0.084375
1 0.4484375 0.79296875 0.096875 0.0765625
0 0.56640625 0.68828125 0.053125 0.2125
0 0.65078125 0.58984375 0.115625 0.1828125
0 0.66953125 0.74375 0.078125 0.1109375
1 0.5453125 0.48828125 0.0875 0.1703125
1 0.646875 0.440625 0.11875 0.1015625