0 0.19765625 0.621875 0.0984375 0.1328125
0 0.6828125 0.1515625 0.2828125 0.2734375
0 0.23515625 0.84375 0.0578125 0.078125
0 0.32109375 0.67578125 0.13125 0.1515625
0 0.81484375 0.13046875 0.0203125 0.0828125
0 0.78125 0.15078125 0.0109375 0.04375
0 0.275 0.646875 0.0296875 0.04375
0 0.17265625 0.65859375 0.009375 0.0265625
0 0.15 0.6859375 0.00625 0.0234375
0 0.21328125 0.82890625 0.003125 0.00625
0 0.346875 0.6296875 0.0078125 0.0140625
0 0.234375 0.60234375 0.009375 0.0171875
0 0.58828125 0.125 0.003125 0.0203125
0 0.64453125 0.1078125 0.009375 0.0203125
0 0.6640625 0.1453125 0.003125 0.025
0 0.7046875 0.1390625 0.0125 0.0203125