1 0.52578125 0.41640625 0.9203125 0.8328125
0 0.8265625 0.75625 0.3375 0.39375
0 0.43828125 0.61015625 0.06875 0.321875
0 0.54609375 0.740625 0.1140625 0.35625
0 0.1109375 0.88203125 0.0328125 0.046875
0 0.14375 0.88046875 0.0171875 0.034375
0 0.1796875 0.871875 0.0140625 0.053125
0 0.20703125 0.87421875 0.0109375 0.053125
0 0.240625 0.8828125 0.0078125 0.0671875
0 0.2734375 0.8921875 0.0109375 0.0578125
0 0.30234375 0.8921875 0.015625 0.04375
0 0.340625 0.8796875 0.0140625 0.046875
0 0.240625 0.87734375 0.2890625 0.1015625