0 0.29609375 0.5015625 0.1265625 0.2296875
0 0.84375 0.5640625 0.109375 0.221875
0 0.965625 0.40859375 0.06875 0.1109375
1 0.815625 0.33671875 0.1484375 0.1984375
0 0.59609375 0.63125 0.034375 0.125
0 0.55 0.62734375 0.03125 0.1140625
0 0.69375 0.68125 0.0125 0.0234375
0 0.6890625 0.6796875 0.0140625 0.046875
0 0.15 0.59296875 0.0203125 0.04375
0 0.10625 0.59296875 0.015625 0.0390625
0 0.06328125 0.5875 0.009375 0.034375
0 0.39921875 0.40390625 0.0265625 0.1265625
0 0.45625 0.2625 0.1484375 0.215625