0 0.378125 0.2953125 0.059375 0.090625
0 0.51484375 0.47734375 0.1140625 0.159375
0 0.15234375 0.83671875 0.1515625 0.2421875
0 0.3046875 0.86484375 0.03125 0.0546875
0 0.703125 0.78671875 0.096875 0.096875
0 0.853125 0.36640625 0.075 0.0859375
0 0.71953125 0.328125 0.0328125 0.065625
0 0.603125 0.61796875 0.04375 0.1515625
0 0.4703125 0.87109375 0.025 0.04375
0 0.57265625 0.94921875 0.0328125 0.040625
0 0.54921875 0.2984375 0.0484375 0.0453125
0 0.50703125 0.096875 0.0234375 0.028125
1 0.67109375 0.41484375 0.5984375 0.728125