0 0.0796875 0.65234375 0.05625 0.3328125
0 0.9734375 0.7765625 0.053125 0.075
1 0.68671875 0.1296875 0.0921875 0.259375
1 0.51640625 0.09609375 0.0640625 0.1921875
0 0.29375 0.4515625 0.0296875 0.0875
0 0.53828125 0.625 0.03125 0.0921875
0 0.02421875 0.7875 0.046875 0.0578125
0 0.1234375 0.7796875 0.0375 0.0578125
0 0.37734375 0.77421875 0.0265625 0.05
0 0.45390625 0.78203125 0.04375 0.0515625
0 0.50703125 0.7546875 0.0203125 0.0890625
0 0.54296875 0.74296875 0.01875 0.0578125
0 0.35234375 0.596875 0.0375 0.0765625