0 0.221875 0.69609375 0.0625 0.08125
0 0.31640625 0.625 0.0640625 0.071875
0 0.8890625 0.5734375 0.034375 0.109375
1 0.0765625 0.521875 0.0578125 0.184375
1 0.109375 0.5953125 0.090625 0.0359375
1 0.29765625 0.33203125 0.1609375 0.240625
1 0.0828125 0.29765625 0.1296875 0.265625
1 0.45703125 0.4328125 0.1015625 0.18125
1 0.48515625 0.51953125 0.1359375 0.159375
1 0.65390625 0.6796875 0.04375 0.0484375
1 0.65234375 0.5828125 0.0671875 0.075
1 0.7765625 0.6421875 0.0734375 0.1265625
1 0.95546875 0.540625 0.0890625 0.08125
1 0.3640625 0.34140625 0.2640625 0.31875
1 0.67890625 0.31640625 0.23125 0.2546875