0 0.41328125 0.6359375 0.046875 0.215625
0 0.58046875 0.78359375 0.1484375 0.1
0 0.73828125 0.67109375 0.128125 0.16875
0 0.48046875 0.503125 0.0484375 0.071875
0 0.5453125 0.3390625 0.040625 0.10625
1 0.46953125 0.40078125 0.078125 0.1671875
1 0.87890625 0.46328125 0.034375 0.2296875
1 0.91015625 0.46640625 0.040625 0.1359375
1 0.56796875 0.64453125 0.1265625 0.1671875
1 0.45546875 0.6734375 0.040625 0.1171875
1 0.8890625 0.29921875 0.05 0.11875
1 0.3921875 0.23046875 0.046875 0.134375
1 0.46640625 0.2546875 0.0875 0.165625
1 0.33671875 0.0671875 0.0921875 0.128125
0 0.89375 0.671875 0.0421875 0.040625