0 0.87890625 0.97109375 0.2421875 0.0578125
0 0.87421875 0.6421875 0.2515625 0.071875
0 0.746875 0.53046875 0.50625 0.078125
0 0.515625 0.44375 0.38125 0.0296875
0 0.30390625 0.37890625 0.075 0.01875
0 0.65 0.4203125 0.15625 0.0171875
0 0.59140625 0.6921875 0.240625 0.059375
0 0.4828125 0.5046875 0.0296875 0.0046875
0 0.375 0.50546875 0.03125 0.00625
0 0.428125 0.503125 0.06875 0.0109375
0 0.44375 0.53671875 0.0828125 0.00625
0 0.24140625 0.45234375 0.0140625 0.0140625
0 0.26796875 0.4765625 0.0234375 0.0328125
0 0.4625 0.80390625 0.0765625 0.0640625
0 0.5171875 0.878125 0.028125 0.0171875
0 0.53203125 0.90078125 0.0359375 0.0265625
0 0.59296875 0.86640625 0.0546875 0.05
0 0.53046875 0.75703125 0.06875 0.0671875
0 0.5484375 0.82421875 0.040625 0.034375
1 0.784375 0.78203125 0.4296875 0.1171875
1 0.85390625 0.46015625 0.2921875 0.059375
1 0.57734375 0.61796875 0.3453125 0.0890625
1 0.85859375 0.70078125 0.2796875 0.04375
0 0.434375 0.6703125 0.0546875 0.0171875
1 0.34140625 0.5390625 0.121875 0.05625
1 0.4203125 0.6921875 0.09375 0.0234375
1 0.87578125 0.58828125 0.2484375 0.0359375
1 0.8109375 0.89140625 0.378125 0.1015625
1 0.584375 0.93203125 0.0671875 0.059375
1 0.68828125 0.97265625 0.140625 0.0546875
0 0.2984375 0.28125 0.0703125 0.0453125
1 0.671875 0.29375 0.65625 0.2359375
1 0.71875 0.0859375 0.5625 0.171875
1 0.2859375 0.40625 0.109375 0.0328125
1 0.28984375 0.440625 0.071875 0.034375
1 0.29609375 0.3359375 0.0890625 0.06875
1 0.4953125 0.475 0.4203125 0.0296875
1 0.865625 0.42109375 0.265625 0.021875