0 0.73359375 0.33828125 0.1078125 0.0765625
0 0.85625 0.2359375 0.0390625 0.0390625
0 0.93828125 0.1921875 0.025 0.0171875
0 0.984375 0.175 0.028125 0.028125
0 0.071875 0.6078125 0.0109375 0.0125
0 0.13125 0.3890625 0.01875 0.028125
0 0.11875 0.5984375 0.0125 0.021875
0 0.896875 0.21171875 0.0234375 0.0234375
1 0.56171875 0.36875 0.14375 0.0765625
1 0.67734375 0.31640625 0.0796875 0.1640625
1 0.5796875 0.26875 0.096875 0.1171875
1 0.284375 0.4921875 0.090625 0.2484375
1 0.77734375 0.25078125 0.1 0.11875
1 0.175 0.61953125 0.0890625 0.1203125
1 0.2765625 0.16015625 0.0921875 0.309375
1 0.171875 0.21640625 0.1078125 0.2
1 0.04609375 0.14765625 0.0859375 0.165625
1 0.5203125 0.075 0.075 0.0421875