0 0.52578125 0.37890625 0.1015625 0.0859375
0 0.3671875 0.609375 0.090625 0.1359375
0 0.16875 0.446875 0.153125 0.2453125
0 0.77578125 0.3984375 0.0359375 0.059375
0 0.5671875 0.79453125 0.15625 0.321875
0 0.2734375 0.50859375 0.03125 0.0671875
0 0.3421875 0.3890625 0.121875 0.0890625
0 0.15 0.35703125 0.075 0.0640625
0 0.409375 0.9515625 0.1625 0.0859375
1 0.5046875 0.2140625 0.88125 0.3390625
0 0.8484375 0.340625 0.03125 0.0203125
1 0.8796875 0.190625 0.128125 0.3140625
1 0.5484375 0.16796875 0.15625 0.3359375
1 0.23125 0.1734375 0.4375 0.290625