0 0.2671875 0.8375 0.071875 0.2671875
0 0.5125 0.81953125 0.0765625 0.2078125
0 0.390625 0.2484375 0.0296875 0.08125
0 0.45625 0.93984375 0.01875 0.0328125
1 0.0828125 0.6421875 0.165625 0.20625
1 0.36875 0.9359375 0.028125 0.128125
1 0.40625 0.88671875 0.0640625 0.225
1 0.31953125 0.93046875 0.0109375 0.115625
1 0.2859375 0.5953125 0.04375 0.125
1 0.45546875 0.42578125 0.1671875 0.184375
1 0.48515625 0.21796875 0.0703125 0.15625
1 0.4734375 0.1984375 0.125 0.1265625
1 0.2609375 0.45703125 0.171875 0.25