0 0.75625 0.5296875 0.0359375 0.05625
0 0.278125 0.53046875 0.415625 0.078125
0 0.6203125 0.47265625 0.2328125 0.08125
0 0.72109375 0.5234375 0.0296875 0.0390625
1 0.26640625 0.44765625 0.096875 0.0796875
1 0.3671875 0.38203125 0.1 0.0796875
1 0.37421875 0.47109375 0.0359375 0.06875
1 0.421875 0.4578125 0.0609375 0.065625
1 0.48671875 0.45078125 0.0421875 0.0484375
1 0.74140625 0.3921875 0.0421875 0.084375
1 0.80390625 0.40859375 0.0640625 0.0703125
1 0.903125 0.271875 0.06875 0.0765625
1 0.9421875 0.16484375 0.071875 0.134375
0 0.784375 0.48671875 0.0296875 0.0625
0 0.753125 0.4734375 0.0203125 0.0421875
0 0.87578125 0.384375 0.075 0.0671875
0 0.959375 0.3625 0.08125 0.1234375