0 0.778125 0.29609375 0.375 0.375
0 0.43046875 0.28203125 0.2640625 0.2984375
0 0.08359375 0.35703125 0.1625 0.1625
0 0.04375 0.56953125 0.0703125 0.134375
0 0.33203125 0.24765625 0.0359375 0.0609375
0 0.24296875 0.32265625 0.025 0.053125
0 0.41875 0.3765625 0.0171875 0.04375
0 0.7671875 0.12109375 0.0265625 0.046875
0 0.9015625 0.290625 0.0359375 0.0484375
0 0.88046875 0.41328125 0.025 0.05625
0 0.67734375 0.221875 0.0234375 0.0765625
0 0.80703125 0.20234375 0.0140625 0.04375
0 0.3546875 0.17890625 0.0625 0.1078125
0 0.25703125 0.2359375 0.025 0.05
0 0.08828125 0.33203125 0.0421875 0.0953125
0 0.14453125 0.32890625 0.0390625 0.0828125