0 0.12890625 0.4859375 0.0484375 0.05625
0 0.24921875 0.459375 0.1171875 0.040625
1 0.2203125 0.35390625 0.04375 0.16875
1 0.14453125 0.3 0.1375 0.2890625
1 0.38671875 0.37578125 0.084375 0.240625
1 0.98046875 0.5921875 0.0296875 0.0859375
1 0.8734375 0.4984375 0.178125 0.165625
1 0.61328125 0.4921875 0.065625 0.1109375
1 0.51640625 0.37109375 0.10625 0.2484375
1 0.52265625 0.4875 0.090625 0.0953125
1 0.4578125 0.4671875 0.0328125 0.059375
1 0.60390625 0.33671875 0.0578125 0.1203125
1 0.3 0.371875 0.0609375 0.1546875
1 0.30625 0.165625 0.078125 0.1546875
1 0.64765625 0.16328125 0.0546875 0.2296875
1 0.41796875 0.1984375 0.0796875 0.1234375
1 0.3890625 0.1296875 0.075 0.1109375
1 0.49921875 0.103125 0.0453125 0.1109375
1 0.55546875 0.10546875 0.0671875 0.115625
1 0.73203125 0.1515625 0.0828125 0.1953125