0 0.08515625 0.26953125 0.1671875 0.1390625
0 0.278125 0.090625 0.075 0.0796875
0 0.27578125 0.46328125 0.1109375 0.1140625
0 0.5796875 0.60703125 0.1109375 0.109375
0 0.69609375 0.68125 0.0984375 0.1
0 0.38984375 0.40546875 0.075 0.0734375
0 0.52421875 0.09921875 0.0703125 0.0734375
0 0.56015625 0.2859375 0.0828125 0.0890625
0 0.4734375 0.3453125 0.034375 0.046875
0 0.96640625 0.59765625 0.0171875 0.025
0 0.70234375 0.15234375 0.015625 0.0453125
0 0.66484375 0.11875 0.0046875 0.015625
0 0.65390625 0.15234375 0.009375 0.028125
0 0.859375 0.51328125 0.0125 0.028125
0 0.83046875 0.55703125 0.009375 0.03125
0 0.80546875 0.5375 0.0078125 0.028125
0 0.4390625 0.19453125 0.009375 0.0328125
0 0.059375 0.55390625 0.003125 0.03125
0 0.075 0.5765625 0.0125 0.0453125
0 0.0375 0.240625 0.0046875 0.0421875
0 0.1171875 0.321875 0.0234375 0.0421875
0 0.25703125 0.10390625 0.009375 0.0453125
0 0.01875 0.253125 0.0109375 0.03125
0 0.41171875 0.76015625 0.0078125 0.0328125
0 0.42109375 0.76171875 0.015625 0.0359375