0 0.6765625 0.64609375 0.096875 0.071875
0 0.2640625 0.946875 0.071875 0.10625
0 0.4421875 0.6390625 0.146875 0.2328125
0 0.12734375 0.7640625 0.1640625 0.19375
0 0.05078125 0.55390625 0.0953125 0.1421875
0 0.1828125 0.4203125 0.071875 0.1765625
0 0.1390625 0.1390625 0.04375 0.0515625
1 0.7203125 0.42421875 0.2796875 0.221875
1 0.51484375 0.3359375 0.1078125 0.3078125
0 0.365625 0.7390625 0.0125 0.0234375
0 0.4203125 0.7046875 0.0375 0.053125
0 0.52578125 0.80859375 0.0171875 0.0265625
0 0.496875 0.85 0.0296875 0.028125
0 0.52265625 0.87421875 0.040625 0.01875
0 0.20703125 0.69375 0.034375 0.0203125
0 0.16171875 0.24375 0.015625 0.034375
0 0.1390625 0.24921875 0.0140625 0.0359375
0 0.03359375 0.52578125 0.034375 0.04375
0 0.2 0.47578125 0.0515625 0.0671875
1 0.43046875 0.35390625 0.2828125 0.2234375