0 0.10234375 0.40625 0.0609375 0.103125
0 0.23828125 0.42734375 0.05625 0.0296875
0 0.16796875 0.3234375 0.0359375 0.0328125
0 0.31015625 0.284375 0.04375 0.028125
0 0.4921875 0.309375 0.071875 0.0359375
0 0.425 0.41953125 0.0125 0.0171875
1 0.21953125 0.1921875 0.1578125 0.1421875
1 0.2234375 0.27421875 0.0875 0.0578125
1 0.2234375 0.33984375 0.0390625 0.0578125
1 0.43515625 0.46796875 0.090625 0.046875
1 0.484375 0.38828125 0.0828125 0.1390625
1 0.4 0.26953125 0.1078125 0.0875
1 0.48828125 0.24609375 0.0578125 0.1328125
1 0.41171875 0.18671875 0.125 0.090625
1 0.31171875 0.06328125 0.0953125 0.1265625
1 0.728125 0.43359375 0.0578125 0.1390625
1 0.6125 0.259375 0.16875 0.0984375