0 0.0484375 0.57890625 0.0828125 0.075
0 0.11640625 0.62421875 0.0328125 0.040625
0 0.23671875 0.7375 0.0984375 0.09375
0 0.88828125 0.5328125 0.146875 0.1625
1 0.18046875 0.67265625 0.0984375 0.096875
1 0.1578125 0.4921875 0.11875 0.203125
0 0.52734375 0.5265625 0.015625 0.0546875
0 0.4328125 0.48984375 0.003125 0.015625
0 0.42109375 0.4859375 0.00625 0.028125
0 0.56875 0.525 0.021875 0.0890625
0 0.5953125 0.52578125 0.021875 0.09375
0 0.628125 0.52890625 0.015625 0.0671875
0 0.4515625 0.484375 0.0140625 0.0203125
0 0.1765625 0.6703125 0.034375 0.0953125
0 0.20546875 0.70546875 0.0265625 0.0515625
0 0.70546875 0.55625 0.1171875 0.128125
0 0.26484375 0.5296875 0.0921875 0.0984375
0 0.42265625 0.49453125 0.00625 0.025
0 0.40234375 0.4921875 0.0078125 0.0171875
0 0.3296875 0.44609375 0.1078125 0.146875
1 0.4578125 0.4109375 0.0484375 0.1578125
1 0.69921875 0.43671875 0.1828125 0.1015625