0 0.0296875 0.34765625 0.05625 0.0484375
0 0.10390625 0.390625 0.0609375 0.0484375
0 0.23984375 0.44140625 0.1921875 0.1
0 0.57421875 0.58828125 0.1265625 0.103125
0 0.6640625 0.5765625 0.0625 0.0796875
1 0.13203125 0.321875 0.05 0.1328125
1 0.1796875 0.36796875 0.0421875 0.0640625
1 0.234375 0.38515625 0.05 0.0546875
1 0.38515625 0.4421875 0.0296875 0.059375
1 0.5 0.46875 0.0484375 0.1125
1 0.64921875 0.49609375 0.08125 0.1296875
1 0.58203125 0.4609375 0.04375 0.15
1 0.6515625 0.365625 0.0859375 0.109375
1 0.73828125 0.51796875 0.075 0.1609375