1 0.4859375 0.50625 0.9453125 0.646875
0 0.5359375 0.81171875 0.1703125 0.0375
0 0.72265625 0.81953125 0.021875 0.0203125
0 0.7890625 0.8125 0.01875 0.0296875
0 0.828125 0.82734375 0.0234375 0.0359375
0 0.88984375 0.8015625 0.065625 0.04375
0 0.3765625 0.7859375 0.040625 0.0265625
1 0.8515625 0.74609375 0.1484375 0.078125
1 0.56953125 0.7484375 0.15625 0.0828125
1 0.4671875 0.73828125 0.090625 0.1234375
1 0.3609375 0.75390625 0.1421875 0.0640625
1 0.1453125 0.71953125 0.271875 0.165625
1 0.23203125 0.45625 0.3875 0.5
1 0.46953125 0.4953125 0.40625 0.46875