0 0.22265625 0.37265625 0.29375 0.0828125
0 0.25078125 0.42421875 0.028125 0.03125
0 0.46875 0.43046875 0.040625 0.0765625
0 0.731114834375 0.5240384609375 0.7455325234375 0.49759615312500005 0.769562009375 0.4543269234375 0.7575472671875 0.3822115390625 0.728711884375 0.40144230781249995 0.71669714375 0.39423076875 0.7263089375 0.334134615625 0.692667659375 0.353365384375 0.6763446515625 0.341346153125 0.63739984375 0.4134615390625 0.591743821875 0.48798076874999996 0.6205792046874999 0.5144230765625 0.6229821515625 0.564903846875 0.6686381734375 0.5793269234375 0.71669714375 0.59375 0.7383236796875 0.5769230765625 0.731114834375 0.5240384609375
0 0.44453125 0.62109375 0.04375 0.05625
0 0.196875 0.71484375 0.0125 0.0265625
0 0.20546875 0.7359375 0.009375 0.0265625
0 0.7703125 0.765625 0.1640625 0.2453125
0 0.5196553671874999 0.7644230765625 0.49365234375 0.7427884609375 0.473999346875 0.76923076875 0.473999346875 0.8125 0.5004317781250001 0.8581730765625 0.48120819218750005 0.8822115390624999 0.553296646875 0.875 0.550893696875 0.8485576921875 0.5340730578125 0.7764423078125 0.5196553671874999 0.7644230765625
0 0.5859375 0.853125 0.0359375 0.0484375
0 0.34765625 0.953125 0.0296875 0.065625