0 0.7575472671875 0.48076923125000004 0.7527413703125 0.42548076874999996 0.77436790625 0.365384615625 0.7863826484375 0.3052884609375 0.7863826484375 0.2668269234375 0.762882215625 0.2548076921875 0.721503040625 0.3076923078125 0.7022794515624999 0.34375 0.6734440703125 0.3677884609375 0.651817534375 0.41105769218750005 0.6157733078125001 0.4831730765625 0.6181762546875 0.5384615390625 0.6758470187500001 0.49759615312500005 0.7575472671875 0.48076923125000004
0 0.50390625 0.49609375 0.0125 0.021875
0 0.83203125 0.51328125 0.075 0.0703125
0 0.5953125 0.521875 0.0171875 0.0203125
0 0.65625 0.540625 0.034375 0.05625
0 0.44453125 0.578125 0.021875 0.0359375
0 0.3328125 0.6421875 0.0296875 0.021875
0 0.75859375 0.665625 0.0125 0.03125
0 0.97109375 0.68046875 0.04375 0.0265625
0 0.2609375 0.71484375 0.034375 0.034375
0 0.959375 0.79921875 0.0765625 0.09375