0 0.92890625 0.3859375 0.0296875 0.0296875
0 0.85 0.3921875 0.075 0.071875
0 0.90625 0.4046875 0.0171875 0.0453125
0 0.146875 0.4359375 0.128125 0.071875
0 0.05390625 0.4390625 0.040625 0.05625
0 0.77421875 0.45703125 0.040625 0.034375
0 0.7125 0.4625 0.0703125 0.115625
0 0.65625 0.484375 0.0609375 0.053125
0 0.11640625 0.5140625 0.0453125 0.028125
0 0.11796875 0.51953125 0.0484375 0.0203125
0 0.5671875 0.55390625 0.0796875 0.1390625
0 0.6703125 0.5609375 0.025 0.0265625
0 0.3265625 0.5625 0.0203125 0.03125