0 0.86875 0.6359375 0.025 0.0265625
0 0.83203125 0.64765625 0.0140625 0.021875
0 0.76796875 0.66953125 0.040625 0.03125
0 0.571875 0.6828125 0.0171875 0.03125
0 0.71484375 0.7046875 0.03125 0.0265625
0 0.4171875 0.72578125 0.0140625 0.028125
0 0.58046875 0.7328125 0.021875 0.0265625
0 0.5328125 0.75 0.025 0.021875
0 0.49140625 0.759375 0.034375 0.025
0 0.396875 0.834375 0.0125 0.0359375
0 0.35 0.865625 0.0390625 0.03125
0 0.2671875 0.90625 0.021875 0.03125
0 0.08203125 0.92421875 0.0265625 0.0359375
0 0.13359375 0.928125 0.0359375 0.0390625
0 0.19140625 0.93125 0.0359375 0.0265625