0 0.70546875 0.5921875 0.021875 0.021875
0 0.35703125 0.703125 0.0390625 0.0140625
0 0.640625 0.71640625 0.0359375 0.0265625
0 0.35 0.7359375 0.0234375 0.03125
0 0.25703125 0.7515625 0.0515625 0.1078125
0 0.3296875 0.78984375 0.0125 0.0171875
0 0.2921875 0.79296875 0.0203125 0.0296875
0 0.44609375 0.80625 0.0390625 0.0359375
0 0.40390625 0.81015625 0.0125 0.021875
0 0.28515625 0.821875 0.0125 0.0125
0 0.64296875 0.8484375 0.065625 0.0171875
0 0.7546875 0.85703125 0.09375 0.0265625
0 0.66796875 0.86328125 0.040625 0.0125