0 0.1671875 0.61640625 0.05625 0.128125
0 0.02890625 0.67421875 0.0515625 0.05625
0 0.4625 0.6828125 0.05625 0.09375
0 0.85234375 0.69375 0.2953125 0.3828125
0 0.4671875 0.78828125 0.0609375 0.10625
0 0.2609375 0.821875 0.0359375 0.04375
0 0.634375 0.85546875 0.028125 0.0515625
0 0.5734375 0.8578125 0.0578125 0.1015625
0 0.56875 0.86171875 0.05625 0.0765625
0 0.63359375 0.8640625 0.04375 0.04375
0 0.4953125 0.89296875 0.0265625 0.0359375
0 0.65859375 0.94140625 0.0390625 0.0515625
0 0.66484375 0.9484375 0.034375 0.0484375