0 0.27265625 0.48828125 0.084375 0.0640625
0 0.5796875 0.61328125 0.0546875 0.0703125
0 0.46328125 0.584375 0.0515625 0.0265625
0 0.38671875 0.546875 0.01875 0.0203125
0 0.33515625 0.52421875 0.0203125 0.0234375
0 0.30078125 0.4015625 0.0109375 0.021875
0 0.325 0.40078125 0.01875 0.0328125
0 0.38125 0.39453125 0.0296875 0.025
0 0.45625 0.409375 0.09375 0.0515625
0 0.52265625 0.41171875 0.01875 0.0171875
0 0.84921875 0.6703125 0.0203125 0.028125
0 0.92109375 0.61796875 0.028125 0.028125
0 0.71640625 0.69375 0.175 0.140625
0 0.7953125 0.56640625 0.009375 0.0140625