0 0.01015625 0.31953125 0.01875 0.0625
0 0.0200946515625 0.2668269234375 0.0342597734375 0.310096153125 0.02464798125 0.3509615390625 0.10394528125 0.377403846875 0.11355707500000001 0.3509615390625 0.07991579531250001 0.310096153125 0.065498103125 0.3076923078125 0.058289259375 0.2668269234375 0.0200946515625 0.2668269234375
0 0.16953125 0.3609375 0.084375 0.053125
0 0.24609375 0.36796875 0.021875 0.04375
0 0.3484375 0.38671875 0.040625 0.040625
0 0.4109375 0.39296875 0.0390625 0.0625
0 0.4890625 0.428125 0.040625 0.0515625
0 0.6078125 0.45546875 0.0703125 0.075
0 0.5625 0.4640625 0.025 0.0484375
0 0.81640625 0.5109375 0.1640625 0.0703125
0 0.93125 0.5109375 0.0625 0.0921875