0 0.3453125 0.28125 0.040625 0.1328125
0 0.39453125 0.31015625 0.0453125 0.0578125
1 0.5296875 0.3171875 0.075 0.096875
0 0.60703125 0.3484375 0.0578125 0.1421875
0 0.48828125 0.43046875 0.0703125 0.0703125
0 0.60703125 0.4390625 0.1015625 0.1109375
0 0.66015625 0.5109375 0.0578125 0.0296875
0 0.5515625 0.52421875 0.04375 0.0359375
1 0.37265625 0.05546875 0.1140625 0.1109375
0 0.4953125 0.5375 0.0609375 0.034375
0 0.2875 0.55859375 0.053125 0.0203125
1 0.5453125 0.134375 0.23125 0.2640625
0 0.3921875 0.15859375 0.0625 0.0875