0 0.2 0.4265625 0.0734375 0.184375
0 0.46484375 0.5484375 0.365625 0.178125
0 0.79375 0.58984375 0.1703125 0.14375
0 0.49140625 0.365625 0.0671875 0.1171875
0 0.58515625 0.30546875 0.059375 0.1390625
0 0.690625 0.31640625 0.065625 0.06875
0 0.68984375 0.0671875 0.0328125 0.1234375
0 0.82890625 0.31953125 0.0875 0.071875
0 0.815625 0.396875 0.078125 0.040625
1 0.18359375 0.121875 0.0515625 0.24375
1 0.27265625 0.18828125 0.0671875 0.3765625
1 0.3484375 0.1484375 0.0546875 0.2921875
1 0.465625 0.14921875 0.128125 0.2984375
1 0.5875 0.1203125 0.0609375 0.240625
1 0.80703125 0.15078125 0.1859375 0.296875
1 0.65546875 0.41640625 0.246875 0.071875
0 0.43671875 0.41953125 0.0625 0.0703125
1 0.68671875 0.20546875 0.084375 0.1453125
0 0.971875 0.690625 0.05625 0.0703125