0 0.346875 0.4265625 0.05 0.1015625
0 0.42265625 0.47578125 0.0875 0.15
0 0.51875 0.5515625 0.1046875 0.115625
0 0.60859375 0.6359375 0.140625 0.109375
0 0.69609375 0.7453125 0.0859375 0.128125
0 0.8484375 0.9328125 0.134375 0.134375
0 0.2171875 0.28828125 0.1171875 0.2
1 0.5 0.09296875 1 0.1734375
1 0.64140625 0.2734375 0.7171875 0.18125
1 0.7359375 0.4421875 0.528125 0.1546875
1 0.78828125 0.56484375 0.4234375 0.0859375
1 0.8484375 0.659375 0.303125 0.078125
0 0.753125 0.8484375 0.10625 0.109375
1 0.87109375 0.75234375 0.2578125 0.096875
1 0.96171875 0.90859375 0.0765625 0.1828125