0 0.21015625 0.56953125 0.1453125 0.2
0 0.3828125 0.52109375 0.1375 0.184375
0 0.528125 0.63671875 0.190625 0.1828125
0 0.58828125 0.3015625 0.090625 0.175
0 0.68984375 0.4734375 0.046875 0.2
0 0.9390625 0.57734375 0.121875 0.153125
0 0.8484375 0.70546875 0.171875 0.0984375
0 0.7296875 0.79765625 0.1015625 0.10625
1 0.85625 0.328125 0.2875 0.45
1 0.7 0.67265625 0.159375 0.265625
1 0.31015625 0.2953125 0.259375 0.39375
1 0.51015625 0.13515625 0.3890625 0.2703125
1 0.55234375 0.4359375 0.2359375 0.3203125