1 0.07734375 0.29921875 0.1546875 0.5984375
1 0.434375 0.0671875 0.55625 0.128125
0 0.73828125 0.13125 0.0515625 0.090625
0 0.02109375 0.65 0.0421875 0.0546875
0 0.07734375 0.6375 0.071875 0.046875
0 0.13046875 0.615625 0.01875 0.025
0 0.1953125 0.57109375 0.075 0.0578125
0 0.2328125 0.4875 0.0234375 0.046875
0 0.28515625 0.46796875 0.04375 0.06875
0 0.25703125 0.5265625 0.0265625 0.03125
0 0.415625 0.3765625 0.0171875 0.0234375
0 0.525 0.26875 0.015625 0.01875
0 0.32265625 0.23828125 0.0109375 0.01875
1 0.18984375 0.334375 0.0625 0.4078125
1 0.240625 0.296875 0.0390625 0.328125
1 0.271875 0.2796875 0.0171875 0.2859375
1 0.496875 0.1734375 0.43125 0.0734375
1 0.4796875 0.2421875 0.2453125 0.065625
1 0.45234375 0.29375 0.1984375 0.0296875
1 0.41875 0.33125 0.1359375 0.040625
1 0.378125 0.3609375 0.1046875 0.009375
1 0.33359375 0.390625 0.03125 0.0265625
1 0.7640625 0.04296875 0.1 0.0859375
1 0.29609375 0.27734375 0.021875 0.1234375