0 0.5015625 0.46953125 0.1546875 0.3390625
0 0.271875 0.39609375 0.146875 0.15625
0 0.390625 0.5328125 0.0640625 0.071875
1 0.2515625 0.17109375 0.440625 0.2765625
1 0.3875 0.40234375 0.06875 0.1921875
0 0.48359375 0.7375 0.0609375 0.0671875
0 0.55234375 0.734375 0.05625 0.04375
0 0.60625 0.6890625 0.04375 0.059375
0 0.38046875 0.85390625 0.01875 0.0296875
0 0.33125 0.73125 0.0140625 0.05
0 0.36015625 0.74375 0.015625 0.025
0 0.26015625 0.5046875 0.0546875 0.0546875
1 0.14765625 0.41015625 0.0953125 0.1671875